326 1810 0.0781024967591
74 1121 0.225610283454
2124 460 0.230867927612
1862 1215 0.234307490277
1266 413 0.170293863659
2211 2226 0.25
352 471 0.226715680975
1410 1239 0.156524758425
52 1903 0.144222051019
888 2190 0.22360679775
2138 1668 0.241660919472
1602 1795 0.25079872408
1304 193 0.183847763108
1376 1817 0.110453610172
239 1279 0.0412310562562
452 366 0.0707106781187
827 1760 0.0921954445729
1100 1361 0.174928556845
545 1334 0.120415945788
970 658 0.25
84 582 0.264764045897
158 180 0.180277563773
1686 1435 0.0781024967591
2285 252 0.17
763 2337 0.111803398875
716 640 0.265706605112
2375 1003 0.206155281281
749 1668 0.266833281283
585 332 0.18973665961
682 2319 0.022360679775
2001 700 0.202484567313
156 1187 0.09
1078 288 0.250599281723
457 325 0.05
281 635 0.0824621125124
1271 1428 0.192093727123
2216 359 0.156204993518
58 1998 0.106301458127
1659 778 0.122065556157
2101 1787 0.120415945788
1965 1624 0.133416640641
2140 689 0.212132034356
0 2101 0.164012194669
290 1635 0.192353840617
2280 354 0.0728010988928
2228 1141 0.245153013443
1808 535 0.100498756211
1963 352 0.212132034356
1807 591 0.186010752377
1894 629 0.186010752377
1085 1469 0.26
833 1361 0.197230829233
1652 2284 0.120415945788
66 1705 0.147648230602
2252 2379 0.158113883008
1425 1826 0.180277563773
1989 2290 0.191049731745
97 1089 0.214709105536
733 1186 0.25079872408
993 905 0.238537208838
938 2229 0.212132034356
1361 905 0.210950231097
2134 764 0.262488094968
1580 1814 0.261725046566
1452 2224 0.266270539114
1686 2136 0.141421356237
70 967 0.133416640641
2193 26 0.101980390272
1631 1820 0.212132034356
872 1640 0.226715680975
841 1015 0.0824621125124
1291 1092 0.245967477525
2050 260 0.164012194669
375 1923 0.170293863659
733 2342 0.25495097568
1800 461 0.0583095189485
991 1444 0.25
1220 1097 0.164012194669
1692 312 0.170293863659
463 240 0.25179356624
777 199 0.0538516480713
595 1908 0.13
702 2220 0.245967477525
156 324 0.0721110255093
1597 213 0.206155281281
1175 2333 0.22
2246 1773 0.269258240357
501 741 0.164924225025
580 648 0.196977156036
2346 767 0.243515913238
1100 2077 0.151327459504
28 2288 0.228473193176
2347 2005 0.140356688476
1349 1370 0.147648230602
1432 1365 0.206155281281
2154 620 0.0921954445729
1897 943 0.269258240357
1666 35 0.22803508502
563 2352 0.234093998214
2215 1671 0.240416305603
45 1157 0.203960780544
716 356 0.224722050542
881 441 0.238537208838
1440 1492 0.174928556845
1210 1521 0.080622577483
1345 339 0.180277563773
1206 1748 0.17691806013
87 623 0.23769728648
1505 97 0.122065556157
1984 1708 0.155241746963
1929 29 0.230217288664
1937 145 0.211896201004
1002 1202 0.0948683298051
341 985 0.235372045919
794 2000 0.215870331449
1220 861 0.0854400374532
1199 231 0.257099202644
2275 2045 0.260768096208
1518 587 0.206155281281
1099 2002 0.111803398875
543 906 0.22803508502
246 688 0.253179778023
640 971 0.200997512422
209 693 0.25
578 834 0.25632011236
1485 1833 0.106301458127
782 299 0.174928556845
1884 762 0.259422435421
2092 1349 0.0707106781187
2212 1432 0.202484567313
1614 608 0.13
1361 837 0.0721110255093
1812 1961 0.264196896272
1428 1178 0.164012194669
1227 1565 0.0360555127546
2111 714 0.184390889146
1130 885 0.198494332413
2271 510 0.233238075794
593 1348 0.196468827044
2268 2272 0.210950231097
1469 1085 0.26
285 2374 0.199248588452
591 160 0.212132034356
1801 2088 0.260768096208
1345 2337 0.17
1458 1838 0.192093727123
1183 2331 0.160312195419
1012 1975 0.202484567313
1629 780 0.234307490277
1170 2056 0.25
1088 1912 0.143178210633
909 2016 0.219544984001
897 2255 0.240831891576
2150 459 0.234307490277
1609 1700 0.212602916255
2213 687 0.0707106781187
1009 2101 0.150332963784
1273 97 0.258069758011
2001 1138 0.225610283454
1004 1457 0.183847763109
1829 917 0.192093727123
2012 513 0.235372045919
1367 1063 0.26
730 1787 0.16
183 2291 0.0728010988928
1100 2200 0.108166538264
848 1512 0.260192236625
2045 550 0.26
325 457 0.05
392 1365 0.25
1011 2216 0.156204993518
2199 2357 0.101980390272
2010 418 0.237065391823
993 131 0.0943398113206
441 1804 0.067082039325
1943 1629 0.128062484749
36 1467 0.158113883008
2055 1418 0.22360679775
933 1973 0.133416640641
2254 2061 0.246981780705
2291 156 0.0360555127546
323 1457 0.191049731745
771 565 0.245967477525
1103 1634 0.111803398875
1019 326 0.235372045919
171 681 0.261725046566
1603 1570 0.139283882772
284 762 0.262488094968
345 797 0.26
2101 143 0.123693168769
359 1913 0.20591260282
2029 2346 0.211896201004
1842 584 0.106301458127
373 1946 0.178044938148
2275 1061 0.250599281723
1982 626 0.26
972 363 0.259422435421
863 2032 0.128062484749
37 1025 0.13152946438
716 401 0.236008474424
1984 1732 0.256124969497
616 1425 0.0921954445729
2205 1145 0.216333076528
2229 1718 0.210950231097
1879 2053 0.14
1914 90 0.156524758425
112 739 0.25495097568
743 1069 0.183847763108
1129 2297 0.262488094968
1155 1842 0.151327459504
1372 1119 0.241867732449
1890 1240 0.219317121995
1526 1098 0.231948270095
887 1100 0.26
1776 1977 0.230217288664
1853 908 0.186815416923
2133 778 0.212132034356
491 1866 0.269258240357
1451 390 0.210237960416
950 1995 0.180277563773
73 2149 0.258069758011
1027 2106 0.192353840617
2107 1505 0.206155281281
1611 1952 0.180277563773
71 1702 0.138924439894
2302 794 0.0721110255093
2272 403 0.259422435421
1988 84 0.233238075794
1896 819 0.215870331449
1093 766 0.200997512422
580 1978 0.259615099715
1135 1364 0.0509901951359
1275 755 0.262488094968
802 2193 0.183847763109
1287 829 0.266270539114
213 707 0.255538646784
466 257 0.126491106407
312 2254 0.136014705087
542 1060 0.269258240357
2117 2020 0.215870331449
759 1480 0.25495097568
2169 101 0.111803398875
460 1115 0.220907220344
1149 101 0.235372045919
430 719 0.26
1999 2205 0.17691806013
1049 2165 0.196468827044
46 2166 0.158113883008
900 1329 0.22803508502
1797 637 0.243515913238
631 1676 0.1788854382
1751 2312 0.150332963784
686 1508 0.2
1299 840 0.0860232526704
2190 434 0.0943398113206
640 1076 0.25179356624
472 2097 0.197230829233
106 1672 0.122065556157
1409 230 0.240416305603
2360 1635 0.162788205961
745 345 0.197230829233
759 1416 0.1788854382
1530 618 0.210950231097
1808 27 0.220227155455
476 381 0.172626765016
918 2000 0.158113883008
207 1349 0.134536240471
863 439 0.25079872408
845 1046 0.241660919472
1489 1186 0.167630546142
1844 1468 0.216333076528
568 200 0.243515913238
2379 1830 0.0728010988928
1079 284 0.228473193176
421 198 0.0632455532034
1097 1106 0.212602916255
355 174 0.0824621125124
1483 550 0.23
816 2120 0.123693168769
693 398 0.242074368738
1256 608 0.02
3 2155 0.25
148 868 0.216333076528
2226 2211 0.25
1790 968 0.240416305603
1498 804 0.234307490277
219 2082 0.230867927612
636 1512 0.22360679775
1365 127 0.2683281573
2232 118 0.0509901951359
2061 2254 0.246981780705
2213 1908 0.104403065089
925 198 0.174928556845
1539 1775 0.192093727123
878 2215 0.190262975904
1599 338 0.193132079158
829 1810 0.172626765016
2351 99 0.145602197786
495 2315 0.117046999107
2008 631 0.202484567313
885 692 0.05
2120 671 0.231948270095
479 1137 0.120415945788
1525 426 0.174928556845
513 1965 0.202237484162
1101 1391 0.23769728648
2260 935 0.230867927612
1934 997 0.266270539114
2355 1272 0.0728010988928
809 485 0.269258240357
1138 2001 0.225610283454
1794 1790 0.241660919472
182 209 0.241867732449
925 1779 0.09
2303 1512 0.09
2000 1609 0.205182845287
345 834 0.244131112315
683 1764 0.259615099715
1990 832 0.262488094968
693 1904 0.243310501212
327 263 0.1
228 880 0.25
548 2345 0.241660919472
1153 85 0.258069758011
1200 1211 0.0707106781187
336 210 0.160312195419
2083 279 0.166433169771
1593 104 0.19
856 1634 0.161245154966
271 1612 0.101980390272
2225 1327 0.200997512422
1284 1304 0.106301458127
1672 106 0.122065556157
905 62 0.193132079158
777 1581 0.222036033112
636 1650 0.116619037897
262 1731 0.0860232526704
963 1102 0.230867927612
2209 2104 0.169705627485
72 502 0.243515913238
1544 2259 0.120415945788
408 1868 0.0707106781187
2255 2097 0.181107702763
2100 380 0.230867927612
1033 992 0.264196896272
574 2158 0.155241746963
440 302 0.139283882772
324 312 0.265706605112
1113 1684 0.264007575649
111 2288 0.214709105536
867 852 0.122065556157
1754 1209 0.230867927612
486 133 0.136014705087
1724 576 0.265706605112
1963 2004 0.0282842712475
518 1799 0.0943398113206
292 10 0.0905538513814
303 923 0.190262975904
949 1718 0.111803398875
293 1457 0.262488094968
928 872 0.200249843945
1975 1136 0.11313708499
2344 400 0.206155281281
1611 1199 0.17
2261 929 0.192353840617
56 568 0.166433169771
1346 10 0.22
503 770 0.16
101 1149 0.235372045919
257 2110 0.156524758425
1182 11 0.106301458127
2005 680 0.147648230602
1227 797 0.182482875909
1004 666 0.241867732449
1913 1012 0.0565685424949
3 1775 0.162788205961
962 1895 0.225610283454
454 2253 0.193132079158
2349 1899 0.226715680975
966 1069 0.152970585408
1957 1721 0.245153013443
546 1640 0.220907220344
2208 1960 0.186815416923
1461 610 0.25495097568
182 2205 0.257099202644
1614 858 0.202237484162
71 1654 0.219317121995
1641 1048 0.0509901951359
2221 303 0.060827625303
655 440 0.120415945788
1423 1552 0.230867927612
755 1275 0.262488094968
2333 253 0.269072480941
1 1281 0.22825424421
1550 1137 0.123693168769
1014 1579 0.211896201004
345 2015 0.13416407865
368 716 0.232594066992
200 2151 0.264196896272
2314 1186 0.098488578018
1605 2170 0.199248588452
940 2271 0.225610283454
2312 1621 0.22825424421
666 741 0.15
1757 179 0.170880074906
163 253 0.101980390272
919 1551 0.02
1088 1779 0.170293863659
2000 146 0.1
1560 10 0.25632011236
711 1384 0.255538646784
670 856 0.184390889146
1535 2028 0.158113883008
1542 145 0.260768096208
897 1070 0.161554944214
1556 2302 0.15
1692 1851 0.0761577310586
1139 1210 0.13152946438
377 909 0.100498756211
977 32 0.210950231097
1706 2143 0.206155281281
1057 640 0.17
433 1481 0.141421356237
1525 308 0.186815416923
1734 289 0.215406592285
440 352 0.240416305603
1581 777 0.222036033112
2012 1308 0.104403065089
136 672 0.266833281283
216 1576 0.123693168769
476 887 0.206155281281
927 766 0.224722050542
1627 520 0.172626765016
2009 2064 0.240416305603
1399 474 0.141421356237
2382 1519 0.130384048104
2328 1164 0.253179778023
1070 2097 0.192093727123
550 1421 0.183847763109
2115 1811 0.0424264068712
332 861 0.098488578018
2221 307 0.104403065089
2116 1491 0.100498756211
1396 2024 0.152970585408
1274 213 0.0848528137424
1548 1403 0.0943398113206
2135 19 0.261725046566
2098 626 0.238537208838
1459 220 0.206155281281
1388 1923 0.10295630141
2010 607 0.233238075794
1376 1231 0.165529453572
1813 1031 0.220907220344
555 273 0.156204993518
1936 219 0.116619037897
1966 867 0.206155281281
2185 474 0.2
338 1599 0.193132079158
406 1418 0.196977156036
1024 1019 0.21400934559
1418 710 0.25079872408
375 101 0.191049731745
1506 1881 0.11401754251
637 1797 0.243515913238
729 421 0.121655250606
288 1157 0.0943398113206
501 1383 0.216333076528
2364 970 0.181107702763
2116 96 0.0583095189485
1775 2162 0.141421356237
1846 539 0.12
425 595 0.13
471 655 0.100498756211
456 1431 0.219317121995
1499 2374 0.212132034356
856 1103 0.269258240357
876 1288 0.144222051019
1185 1791 0.237065391823
1748 1187 0.264764045897
1263 1292 0.2683281573
1917 1807 0.177200451467
1154 1576 0.0943398113206
31 729 0.161245154966
265 1279 0.250199920064
1989 147 0.25179356624
1776 2164 0.0707106781187
536 747 0.111803398875
628 1416 0.25495097568
1770 2274 0.259615099715
2191 2192 0.184390889146
1265 2057 0.25079872408
897 82 0.122065556157
2208 345 0.205182845287
2061 1206 0.172626765016
1777 2058 0.158113883008
1424 1931 0.252388589282
1113 1746 0.210950231097
43 515 0.148660687473
706 448 0.211896201004
1260 1794 0.152315462117
2152 1970 0.106301458127
1659 716 0.26
839 2166 0.145602197786
940 510 0.269258240357
1416 1334 0.219317121995
1334 1498 0.120415945788
2106 1865 0.101980390272
1895 1230 0.13
2308 2245 0.256124969497
1734 2333 0.230217288664
2267 2329 0.225610283454
1588 2316 0.122065556157
2146 673 0.196468827044
1936 1975 0.167630546142
626 1982 0.26
1489 1984 0.22825424421
741 1525 0.186010752377
1924 211 0.250599281723
356 401 0.0860232526704
1955 2372 0.243515913238
577 1973 0.165529453572
2008 2316 0.25179356624
3 1986 0.197230829233
2226 897 0.120415945788
1659 1986 0.220227155455
1754 2015 0.171172427686
1576 1154 0.0943398113206
2327 4 0.244131112315
582 2357 0.100498756211
344 647 0.140356688476
1908 2231 0.180277563773
1810 118 0.253179778023
733 1708 0.139283882772
2246 2141 0.196977156036
1958 240 0.241867732449
46 834 0.122065556157
1555 1443 0.197230829233
1676 631 0.1788854382
55 778 0.226715680975
481 1617 0.128062484749
1147 1227 0.08
1548 718 0.252388589282
1593 1184 0.02
332 1913 0.255538646784
778 963 0.205182845287
766 45 0.0424264068712
1131 2332 0.225610283454
532 217 0.210950231097
1294 818 0.16
699 1011 0.208086520467
1095 281 0.0728010988928
1736 312 0.162788205961
1779 2333 0.203960780544
1396 1041 0.245153013443
501 1525 0.150332963784
587 927 0.232594066992
1383 501 0.216333076528
1969 694 0.172626765016
270 844 0.234093998214
429 1141 0.106301458127
274 2096 0.242074368738
1062 617 0.264196896272
872 24 0.194164878389
483 554 0.121655250606
1778 2285 0.192093727123
1607 321 0.121655250606
1296 1946 0.174642491966
398 1801 0.192093727123
1720 353 0.11401754251
1763 1270 0.22360679775
1061 1563 0.262488094968
1274 1963 0.0905538513814
131 1660 0.234307490277
861 1220 0.0854400374532
1634 1103 0.111803398875
945 836 0.0781024967591
1652 108 0.200249843945
1616 1078 0.128062484749
52 1540 0.05
2043 544 0.182482875909
2159 701 0.172626765016
1514 1769 0.21400934559
1748 1206 0.17691806013
1252 1688 0.192353840617
2226 472 0.0860232526704
901 2211 0.220907220344
2264 2303 0.158113883008
1896 778 0.151327459504
1751 1621 0.213775583264
1388 1 0.156204993518
1521 1593 0.174642491966
1489 733 0.269072480941
2235 180 0.166433169771
1801 2016 0.0583095189485
493 2197 0.182482875909
2209 210 0.0824621125124
967 897 0.180277563773
1659 330 0.200997512422
967 2273 0.0989949493661
227 174 0.07
1723 1677 0.232594066992
1099 853 0.147648230602
280 200 0.158113883008
767 1196 0.133416640641
1477 1177 0.230217288664
1438 2372 0.10295630141
1016 2274 0.256124969497
817 1527 0.248394846967
751 1776 0.200997512422
2312 1099 0.0854400374532
1416 1147 0.206155281281
2379 2252 0.158113883008
1081 449 0.186815416923
242 1203 0.225610283454
1367 2234 0.234307490277
1028 1576 0.0583095189485
1405 1397 0.10295630141
1098 1526 0.231948270095
516 2265 0.141421356237
629 30 0.151327459504
937 1859 0.202237484162
2155 927 0.120830459736
1119 1372 0.241867732449
1996 2134 0.171172427686
1349 207 0.134536240471
2254 1851 0.222036033112
48 608 0.245967477525
62 1537 0.13
1654 1165 0.180277563773
332 2082 0.197230829233
2162 744 0.128062484749
631 949 0.244131112315
969 851 0.0583095189485
2237 1996 0.171172427686
0 206 0.148660687473
296 539 0.208086520467
1781 778 0.0989949493661
671 1272 0.208086520467
740 1199 0.0894427191
123 1915 0.259422435421
156 1736 0.174642491966
977 1128 0.25079872408
2171 2292 0.20591260282
678 816 0.252982212813
1444 597 0.240416305603
1402 1472 0.116619037897
127 1848 0.216333076528
1635 1252 0.0943398113206
87 2032 0.269072480941
80 1875 0.188679622641
1425 1432 0.1
1873 390 0.136014705087
925 916 0.0583095189484
1496 34 0.158113883008
71 1670 0.22
1234 342 0.200997512422
178 1565 0.240831891576
633 379 0.0632455532034
2306 1664 0.25079872408
56 2201 0.0316227766017
1252 2360 0.11313708499
182 2242 0.022360679775
1936 1011 0.167630546142
341 2268 0.161245154966
1134 385 0.172626765016
1883 858 0.161554944214
1993 1600 0.108166538264
1529 1955 0.104403065089
1543 1524 0.206155281281
2008 949 0.139283882772
1513 1348 0.241867732449
1421 11 0.205182845287
2346 768 0.211896201004
2062 557 0.269258240357
1526 329 0.0360555127546
1241 974 0.219317121995
2127 1564 0.240831891576
1469 1821 0.253179778023
1794 378 0.26
10 292 0.0905538513814
863 1524 0.172046505341
445 2083 0.210237960416
459 633 0.269072480941
1031 1717 0.172626765016
971 1311 0.23769728648
2036 810 0.11401754251
828 613 0.167630546142
1460 675 0.25
1965 538 0.230217288664
806 2363 0.25
2216 219 0.225610283454
2015 1960 0.256124969497
2183 352 0.0316227766017
1692 2061 0.162788205961
1659 2133 0.262488094968
219 861 0.252388589282
64 2226 0.187882942281
354 689 0.111803398875
1551 1945 0.250599281723
1389 617 0.25
2351 21 0.260768096208
582 2164 0.186010752377
742 310 0.0989949493661
2255 1304 0.25
1062 338 0.240831891576
380 2100 0.230867927612
64 2211 0.0761577310586
2030 1779 0.240831891576
1311 1659 0.155241746963
827 818 0.200249843945
737 1801 0.022360679775
692 2181 0.120415945788
1489 972 0.101980390272
1913 1097 0.25495097568
1090 411 0.15
1022 1460 0.104403065089
1445 176 0.222036033112
1079 712 0.1
2340 1320 0.202484567313
199 1567 0.240416305603
2345 1789 0.148660687473
704 314 0.13
1902 1892 0.269258240357
703 1365 0.122065556157
1029 292 0.170880074906
974 1368 0.197230829233
1921 585 0.208806130178
1063 1367 0.26
1518 330 0.187882942281
118 112 0.246981780705
1086 1210 0.206155281281
673 68 0.136014705087
2082 1724 0.246981780705
442 807 0.25179356624
1753 1103 0.165529453572
721 1362 0.11401754251
778 2196 0.122065556157
299 2380 0.0538516480713
125 626 0.136014705087
52 1511 0.158113883008
2368 448 0.106301458127
2314 2072 0.213775583264
963 55 0.022360679775
2244 899 0.228473193176
1129 2080 0.212132034356
1785 1567 0.0854400374532
683 2114 0.208086520467
745 797 0.233452350599
660 2366 0.205182845287
541 1992 0.25079872408
946 1139 0.226715680975
1365 1212 0.130384048104
2126 1513 0.141421356237
494 103 0.23769728648
1061 2275 0.250599281723
1479 1653 0.254558441227
751 2164 0.259615099715
511 363 0.233238075794
2327 167 0.215406592285
1428 1271 0.192093727123
2088 182 0.230867927612
997 1830 0.111803398875
1153 1294 0.06
20 429 0.243515913238
1267 1718 0.123693168769
1038 577 0.0854400374532
2072 2342 0.202237484162
711 2164 0.22
1901 523 0.08
122 266 0.262488094968
918 525 0.26
277 2254 0.234307490277
464 1487 0.268700576851
269 1152 0.250199920064
1912 916 0.116619037897
120 1939 0.226715680975
1942 860 0.244131112315
2151 10 0.205182845287
1563 916 0.067082039325
1619 100 0.15
1294 85 0.212132034356
1304 54 0.198494332413
1370 889 0.202237484162
449 2324 0.230867927612
1019 1977 0.101980390272
849 405 0.212132034356
1572 352 0.136014705087
1556 794 0.199248588452
2229 119 0.20591260282
1146 1848 0.13152946438
553 2061 0.203960780544
561 2243 0.220227155455
357 518 0.25495097568
147 1989 0.25179356624
819 1766 0.257099202644
1471 701 0.03
2118 2262 0.0583095189485
1850 341 0.0707106781187
1065 59 0.186815416923
1410 2008 0.152970585408
1024 326 0.18973665961
2032 1646 0.144222051019
1640 1864 0.192353840617
177 2269 0.186815416923
2346 336 0.197230829233
253 1182 0.224722050542
2181 692 0.120415945788
1994 1985 0.23
1057 1518 0.144222051019
1804 2344 0.0921954445729
1157 368 0.0640312423743
1446 2228 0.25079872408
1986 401 0.235372045919
2019 1203 0.25
629 755 0.123693168769
1692 2291 0.0943398113206
403 204 0.262488094968
1023 110 0.235372045919
2045 198 0.266833281283
1057 1093 0.122065556157
1912 406 0.242074368738
1735 2089 0.233452350599
1720 1619 0.230867927612
1402 168 0.127279220614
2050 2377 0.14
642 2136 0.0707106781187
2361 1734 0.111803398875
2030 1733 0.120415945788
145 1937 0.211896201004
149 1916 0.210950231097
1172 934 0.260768096208
1212 2212 0.136014705087
162 2351 0.269258240357
2186 208 0.200997512422
1405 98 0.142126704036
1978 580 0.259615099715
204 207 0.152970585408
323 2150 0.156524758425
2164 711 0.22
2169 375 0.2683281573
700 2001 0.202484567313
2217 2200 0.240208242989
578 2182 0.244131112315
2157 387 0.13
1456 21 0.120830459736
2114 1201 0.144222051019
194 1637 0.269258240357
2190 1244 0.241660919472
1657 566 0.236008474424
595 425 0.13
375 1569 0.104403065089
2254 595 0.245153013443
2050 972 0.184390889146
207 683 0.187882942281
1613 1988 0.266270539114
1939 1496 0.101980390272
1532 1896 0.269258240357
2056 612 0.266270539114
1746 1220 0.107703296143
1093 45 0.235372045919
2061 1631 0.208806130178
2122 536 0.262488094968
2241 1361 0.25495097568
996 202 0.198494332413
1134 1629 0.164012194669
741 666 0.15
1024 2232 0.18973665961
175 210 0.240208242989
540 1924 0.269258240357
359 135 0.186010752377
1782 1325 0.219317121995
1670 1890 0.152970585408
1625 1156 0.136014705087
2142 2168 0.108166538264
585 1921 0.208806130178
2191 908 0.145602197786
2141 2246 0.196977156036
1637 2 0.0921954445729
1423 618 0.253179778023
1298 1515 0.252982212813
1093 1173 0.25
2135 1163 0.126491106407
401 2162 0.02
235 488 0.259615099715
160 591 0.212132034356
1203 1158 0.128062484749
1418 406 0.196977156036
2148 2257 0.215870331449
1097 135 0.26
1483 1733 0.17
1012 1684 0.164012194669
351 439 0.17
1524 87 0.181107702763
2061 1187 0.145602197786
155 887 0.158113883008
1743 108 0.264196896272
1685 1612 0.151327459504
1533 2226 0.25179356624
103 1337 0.193132079158
1887 1460 0.25495097568
253 2245 0.0943398113206
758 2311 0.0360555127546
540 114 0.262488094968
481 1141 0.156204993518
2106 2305 0.261725046566
1065 20 0.203960780544
2088 398 0.100498756211
1888 1614 0.174642491966
823 1657 0.136014705087
1848 1146 0.13152946438
1913 1106 0.0424264068712
972 2384 0.25495097568
509 2348 0.25179356624
1735 2035 0.17
2200 2305 0.110453610172
179 738 0.07
972 1476 0.240416305603
1848 616 0.183847763108
1560 1029 0.108166538264
2183 440 0.22803508502
2260 384 0.25495097568
9 1787 0.152970585408
778 1781 0.0989949493661
2039 2308 0.139283882772
379 426 0.232594066992
1670 71 0.22
1883 1256 0.180277563773
1475 646 0.170293863659
82 2231 0.193132079158
833 1100 0.0943398113206
1688 2205 0.0824621125124
2004 433 0.134536240471
1191 2274 0.265706605112
2141 621 0.240831891576
1521 1892 0.230867927612
372 1512 0.186815416923
135 1106 0.0894427191
1908 218 0.177200451467
1943 1864 0.266833281283
1518 1319 0.262488094968
1967 1167 0.246981780705
2213 2097 0.235372045919
1224 2035 0.13
2039 1734 0.09
2272 204 0.200997512422
363 260 0.181107702763
1754 745 0.220907220344
1490 718 0.269258240357
1175 916 0.080622577483
2038 540 0.255538646784
1092 1291 0.245967477525
48 1888 0.211896201004
1611 139 0.230217288664
342 755 0.13
2255 425 0.180277563773
722 1403 0.0360555127546
1297 1917 0.193132079158
1315 1532 0.167630546142
1241 2289 0.196977156036
1140 193 0.05
988 2068 0.212132034356
570 1311 0.191049731745
163 2245 0.0728010988928
1746 1113 0.210950231097
687 869 0.230867927612
2231 1304 0.174642491966
179 1112 0.17691806013
2372 2268 0.254558441227
1285 2280 0.230867927612
2027 509 0.147648230602
1025 37 0.13152946438
707 440 0.05
737 398 0.188679622641
1896 570 0.215406592285
1988 2 0.172626765016
2228 1294 0.203960780544
1212 281 0.259422435421
2275 1421 0.150332963784
1841 443 0.0424264068712
282 1509 0.172626765016
431 2071 0.212132034356
2114 910 0.258069758011
336 1537 0.244131112315
1988 1637 0.25079872408
608 858 0.265706605112
2147 1234 0.184390889146
744 570 0.080622577483
1624 2012 0.21
991 1976 0.11401754251
1543 2177 0.128062484749
826 2109 0.2683281573
2254 277 0.234307490277
2095 559 0.138924439894
1537 2104 0.236008474424
131 774 0.206155281281
2097 1304 0.171172427686
1413 522 0.22825424421
474 1050 0.162788205961
1909 1588 0.230217288664
2196 570 0.12
1996 1575 0.215406592285
1443 2351 0.104403065089
367 1918 0.220907220344
285 1499 0.0360555127546
30 342 0.100498756211
1443 162 0.231948270095
2098 2299 0.231948270095
357 1844 0.238537208838
1239 1128 0.107703296143
587 368 0.13
1138 2017 0.212132034356
1603 149 0.100498756211
114 168 0.17
910 783 0.180277563773
716 2155 0.174642491966
1867 1589 0.247386337537
940 742 0.183847763109
489 627 0.215406592285
2324 449 0.230867927612
518 2025 0.08
2041 1298 0.22360679775
1686 642 0.174928556845
1012 1011 0.22803508502
916 421 0.18
843 286 0.116619037897
2092 1926 0.202237484162
1537 175 0.244131112315
755 1894 0.259422435421
1673 1465 0.25
1070 1304 0.177200451467
390 747 0.192353840617
1932 113 0.198494332413
1184 1139 0.225610283454
118 1024 0.139283882772
642 1747 0.04472135955
2055 1175 0.0943398113206
1819 961 0.0824621125124
1416 1498 0.192353840617
1304 1533 0.152970585408
2179 934 0.158113883008
1643 1478 0.25079872408
1937 1001 0.200997512422
89 841 0.13152946438
1725 1347 0.192353840617
2255 1533 0.13
1456 99 0.246981780705
507 1573 0.05
1267 962 0.121655250606
1819 255 0.259615099715
1106 1913 0.0424264068712
1383 673 0.25179356624
116 1356 0.17
160 546 0.143178210633
1329 693 0.22360679775
1064 2017 0.194164878389
927 716 0.13
392 1680 0.233238075794
484 695 0.262488094968
687 312 0.221359436212
209 1118 0.265706605112
1344 484 0.172046505341
487 2079 0.202237484162
839 345 0.111803398875
681 172 0.148660687473
425 687 0.25079872408
1060 1524 0.143178210633
1606 1600 0.183575597507
639 2175 0.13
1855 2167 0.0948683298051
1751 1753 0.158113883008
861 585 0.205182845287
1199 1015 0.225610283454
1285 2232 0.12
1800 2260 0.200997512422
1352 1718 0.200249843945
1474 587 0.0728010988928
82 1140 0.111803398875
34 446 0.233238075794
606 62 0.269258240357
77 1865 0.221359436212
425 1533 0.241660919472
1964 1426 0.24
292 2151 0.148660687473
504 1543 0.122065556157
2285 1778 0.192093727123
352 213 0.08
2151 1291 0.126491106407
55 1311 0.265706605112
378 1260 0.244131112315
87 1524 0.181107702763
738 1757 0.160312195419
2180 52 0.122065556157
302 1842 0.156204993518
504 1646 0.0860232526704
916 1779 0.0781024967591
2001 1725 0.219317121995
713 2205 0.171172427686
302 471 0.133416640641
1982 125 0.202237484162
697 1169 0.262488094968
608 1256 0.02
2272 1442 0.130384048104
2290 1929 0.0282842712475
1518 45 0.222036033112
145 318 0.235372045919
1353 2133 0.264196896272
308 1525 0.186815416923
1454 1350 0.208806130178
1892 946 0.148660687473
1456 1508 0.214709105536
1472 2060 0.139283882772
1303 282 0.197230829233
2311 1607 0.13
28 1725 0.22
1521 1184 0.171172427686
2031 431 0.171172427686
1209 804 0.220227155455
1185 1420 0.215406592285
819 963 0.234093998214
1085 991 0.206155281281
1703 823 0.225610283454
291 567 0.199248588452
968 141 0.122065556157
640 1319 0.203960780544
444 1112 0.246981780705
488 1508 0.104403065089
1716 1150 0.25079872408
2017 28 0.22360679775
214 167 0.202237484162
131 1909 0.0860232526704
818 1141 0.155241746963
291 1315 0.265706605112
304 1666 0.161245154966
910 2029 0.182482875909
1359 1397 0.01
1230 938 0.246981780705
278 483 0.198494332413
2314 2384 0.22360679775
918 208 0.206155281281
469 958 0.126491106407
170 1857 0.181107702763
1522 393 0.08
2373 1422 0.123693168769
751 1810 0.100498756211
1203 694 0.248394846967
1331 2013 0.240831891576
2186 1648 0.222036033112
582 118 0.202484567313
1929 2290 0.0282842712475
1090 1703 0.198494332413
94 1373 0.0948683298051
119 1239 0.222036033112
897 2273 0.240208242989
1611 740 0.253179778023
2297 814 0.231948270095
2097 2231 0.172046505341
861 1921 0.0943398113206
1795 245 0.17
1480 68 0.0948683298051
610 2173 0.269072480941
1418 346 0.13
2289 1241 0.196977156036
1880 724 0.22
2250 1888 0.15
1707 685 0.269258240357
330 927 0.192093727123
175 16 0.258069758011
45 640 0.152970585408
406 916 0.228473193176
682 1784 0.134536240471
359 1011 0.2
745 1227 0.200997512422
1239 977 0.143178210633
1879 357 0.122065556157
588 2110 0.139283882772
2242 2088 0.247386337537
1781 55 0.241660919472
197 618 0.234307490277
1537 336 0.244131112315
1874 2272 0.264007575649
1546 1715 0.04
1519 1969 0.25079872408
686 438 0.182482875909
589 576 0.22825424421
102 1985 0.266270539114
1763 390 0.238537208838
611 3 0.253179778023
1365 2212 0.01
83 541 0.259615099715
1590 2078 0.17691806013
869 951 0.240416305603
1621 1099 0.231948270095
1032 348 0.25495097568
668 590 0.158113883008
2230 67 0.108166538264
73 965 0.152970585408
1383 68 0.138924439894
2023 389 0.17
1684 1995 0.142126704036
2239 185 0.136014705087
595 1533 0.111803398875
1210 1892 0.152970585408
1521 946 0.169705627485
540 1984 0.230867927612
2199 582 0.15
1027 639 0.23
1260 1020 0.269258240357
267 561 0.246981780705
1397 1359 0.01
2075 43 0.17
256 2237 0.25079872408
493 2161 0.206155281281
1743 462 0.0989949493661
1926 2092 0.202237484162
1030 838 0.22
1997 1832 0.208806130178
451 61 0.134536240471
472 967 0.02
1116 2246 0.259615099715
2077 1100 0.151327459504
1563 1061 0.262488094968
701 1516 0.138924439895
77 155 0.230217288664
1572 1963 0.233452350599
1356 2138 0.193132079158
1369 1791 0.206155281281
1118 209 0.265706605112
2147 139 0.140356688476
1916 149 0.210950231097
872 385 0.111803398875
1497 2033 0.254558441227
2204 2155 0.101980390272
1765 2155 0.241660919472
2339 1277 0.19
2077 2200 0.237065391823
850 997 0.234093998214
368 744 0.25495097568
515 1868 0.171172427686
837 905 0.225610283454
114 1402 0.180277563773
1851 183 0.170293863659
769 1852 0.240416305603
2273 54 0.130384048104
606 336 0.25495097568
2071 436 0.101980390272
716 567 0.25
329 1098 0.206155281281
385 872 0.111803398875
2030 1912 0.206155281281
1526 1918 0.0824621125124
2224 2116 0.222036033112
377 693 0.170880074906
636 2303 0.200249843945
2101 1730 0.172626765016
462 1997 0.269072480941
627 646 0.197230829233
2244 393 0.158113883008
1899 242 0.148660687473
970 2230 0.252388589282
1182 2030 0.197230829233
1496 2355 0.21400934559
27 798 0.259422435421
1503 1277 0.20591260282
193 1140 0.05
2250 123 0.04
723 1689 0.148660687473
2242 2205 0.240416305603
1059 1767 0.0894427191
738 1112 0.233238075794
2213 1736 0.180277563773
1274 352 0.152315462117
1503 2206 0.02
33 1707 0.245967477525
193 2231 0.25632011236
830 2190 0.263058928759
687 218 0.0728010988928
2015 797 0.233238075794
862 152 0.23769728648
137 1962 0.180277563773
1052 506 0.0412310562562
2103 2143 0.0424264068712
1979 2018 0.228473193176
570 819 0.198494332413
91 1710 0.158113883008
644 1826 0.0761577310586
1302 1041 0.152970585408
762 284 0.262488094968
897 64 0.256124969497
1027 1520 0.177200451467
877 1649 0.10295630141
2295 1146 0.25632011236
1064 1725 0.0921954445729
1598 1488 0.255538646784
2082 219 0.230867927612
639 2217 0.180277563773
288 1078 0.250599281723
62 16 0.140356688476
107 169 0.200997512422
167 1894 0.222036033112
1605 16 0.257099202644
1767 1728 0.182482875909
584 1155 0.11401754251
2288 365 0.266270539114
2304 717 0.191049731745
2346 2112 0.25079872408
1106 1995 0.136014705087
540 1732 0.230867927612
1515 464 0.160312195419
596 760 0.155241746963
498 1226 0.240416305603
1483 1421 0.233452350599
120 678 0.080622577483
2317 9 0.138924439894
1070 1908 0.200997512422
24 1640 0.213775583264
385 1943 0.25
212 629 0.16
385 2214 0.230217288664
295 166 0.13
443 1362 0.202484567313
2216 1097 0.230217288664
1100 887 0.26
379 741 0.161554944214
2235 1460 0.170880074906
2354 1253 0.136014705087
1746 359 0.151327459504
1096 1406 0.262488094968
1471 376 0.215870331449
951 1851 0.182482875909
1118 798 0.206155281281
155 77 0.230217288664
1669 1853 0.094868329805
292 1931 0.194164878389
1466 2160 0.117046999107
688 1849 0.22360679775
183 1851 0.170293863659
767 924 0.188679622641
1900 1883 0.07
1319 1057 0.13
1088 198 0.136014705087
158 1434 0.200249843945
576 730 0.141421356237
281 1095 0.0728010988928
93 321 0.187882942281
1474 368 0.0583095189485
889 2114 0.226715680975
1429 1756 0.122065556157
323 1004 0.224722050542
1775 587 0.266270539114
1536 1374 0.258069758011
1442 1196 0.269258240357
1324 1768 0.177200451467
2030 11 0.25179356624
823 1193 0.0948683298051
1157 1474 0.122065556157
1736 324 0.238537208838
277 869 0.022360679775
1861 1892 0.13152946438
1506 491 0.0141421356237
1114 1509 0.215406592285
1037 552 0.162788205961
2299 149 0.258069758011
1481 796 0.250599281723
562 624 0.200997512422
1275 1427 0.0854400374532
1474 288 0.212132034356
1813 914 0.0538516480713
1904 1298 0.240208242989
1813 871 0.262488094968
1692 183 0.101980390272
245 1795 0.17
1124 75 0.241660919472
1086 1521 0.13416407865
829 326 0.123693168769
724 697 0.22360679775
718 1490 0.269258240357
277 951 0.23769728648
2209 2029 0.180277563773
1295 1664 0.0824621125124
2037 1759 0.0
2165 734 0.2
1803 2027 0.169705627485
699 1465 0.202484567313
1779 2055 0.123693168769
510 2271 0.233238075794
1861 1593 0.136014705087
1697 1861 0.183847763108
2316 1588 0.122065556157
289 2245 0.0640312423743
587 2155 0.160312195419
1789 2345 0.148660687473
739 112 0.25495097568
1153 481 0.17
251 15 0.181107702763
254 239 0.0761577310586
436 431 0.139283882772
2135 959 0.0538516480713
917 464 0.166433169771
1931 1424 0.252388589282
1703 1201 0.25495097568
2150 1457 0.169705627485
1078 1173 0.147648230602
426 666 0.199248588452
55 819 0.25632011236
1240 1702 0.181107702763
839 1227 0.147648230602
199 777 0.0538516480713
462 2151 0.226715680975
1088 1175 0.212132034356
1147 178 0.180277563773
1177 1477 0.230217288664
471 707 0.0412310562562
245 724 0.26
1765 330 0.193132079158
1738 395 0.26
375 625 0.228473193176
2228 1760 0.192353840617
1428 584 0.206155281281
64 2273 0.155241746963
2116 1670 0.18973665961
711 1810 0.264764045897
1686 1747 0.202484567313
2230 1129 0.218403296678
733 1984 0.0921954445729
817 65 0.221359436212
817 1277 0.171172427686
2060 1402 0.11401754251
541 640 0.266270539114
1491 2116 0.100498756211
732 1051 0.22803508502
2077 1361 0.143178210633
1228 827 0.266833281283
1468 1844 0.216333076528
1533 1908 0.22
1346 568 0.235372045919
1183 1889 0.186010752377
413 2109 0.256124969497
844 270 0.234093998214
1257 516 0.11401754251
209 1635 0.230867927612
1298 398 0.143178210633
582 222 0.167630546142
1650 1512 0.107703296143
897 967 0.180277563773
162 1371 0.262488094968
1231 1376 0.165529453572
1294 1617 0.171172427686
62 2209 0.165529453572
1982 456 0.23769728648
1100 1520 0.152970585408
1155 1804 0.206155281281
541 1078 0.233238075794
249 2043 0.138924439894
1969 2382 0.123693168769
887 2175 0.203960780544
1831 1692 0.0854400374532
321 922 0.139283882772
1892 1521 0.230867927612
2316 1676 0.260768096208
1880 449 0.262488094968
435 1600 0.219544984001
1798 1712 0.04
161 1956 0.219317121995
1074 1967 0.162788205961
137 108 0.111803398875
1277 817 0.171172427686
1919 1872 0.240208242989
465 2340 0.080622577483
1676 977 0.22803508502
2071 431 0.212132034356
1703 1090 0.198494332413
1471 2159 0.202237484162
459 666 0.155563491861
843 545 0.158113883008
143 2101 0.123693168769
599 791 0.107703296143
99 1679 0.233452350599
1276 542 0.202484567313
1061 31 0.22360679775
2217 2305 0.13
155 639 0.13
87 1060 0.0943398113206
1256 48 0.255538646784
2094 126 0.0943398113206
360 2117 0.122065556157
2177 504 0.25
841 89 0.13152946438
578 2166 0.107703296143
386 2022 0.13416407865
1936 1106 0.080622577483
856 1621 0.260768096208
141 1429 0.25
472 595 0.257099202644
1029 1743 0.262488094968
613 940 0.231948270095
128 932 0.230867927612
675 1887 0.180277563773
1445 1400 0.166433169771
176 774 0.210950231097
2382 959 0.0854400374532
780 1156 0.172046505341
481 933 0.139283882772
572 2016 0.238537208838
804 1209 0.220227155455
1912 1563 0.05
587 1474 0.0728010988928
286 167 0.196977156036
1586 1583 0.23
2364 67 0.265706605112
447 626 0.022360679775
902 1782 0.11401754251
1139 1184 0.225610283454
199 1339 0.220907220344
1252 290 0.208086520467
716 744 0.098488578018
2068 1888 0.141421356237
381 1257 0.240416305603
740 2329 0.13152946438
77 2305 0.243515913238
1971 254 0.25179356624
99 1443 0.080622577483
1841 1362 0.241660919472
1134 1640 0.225610283454
1851 312 0.161245154966
612 1523 0.25495097568
1061 2333 0.25
125 1982 0.202237484162
729 1912 0.215406592285
2268 1442 0.25
182 2088 0.230867927612
845 818 0.196468827044
1359 1571 0.162788205961
24 928 0.240831891576
64 1140 0.25495097568
711 1977 0.0848528137424
1289 2045 0.1
2061 1851 0.201246117975
632 614 0.191049731745
198 1563 0.143178210633
356 766 0.269258240357
200 1769 0.25079872408
1078 883 0.260192236625
323 248 0.174642491966
210 175 0.240208242989
1611 231 0.1
367 329 0.171172427686
1974 1295 0.210950231097
1647 1492 0.120830459736
167 212 0.208086520467
2359 806 0.0943398113206
1344 278 0.181107702763
1291 1743 0.216333076528
173 678 0.22825424421
2200 1027 0.178044938148
900 572 0.181107702763
2201 556 0.261725046566
1896 32 0.240831891576
1563 198 0.143178210633
198 1175 0.191049731745
2118 2103 0.080622577483
1103 856 0.269258240357
2244 1522 0.152970585408
1291 292 0.122065556157
1516 986 0.25495097568
2030 198 0.162788205961
1717 1031 0.172626765016
1517 500 0.148660687473
278 1691 0.177200451467
1093 2155 0.247588368063
2192 1669 0.245153013443
1474 766 0.07
293 248 0.266270539114
280 625 0.210237960416
212 2124 0.174642491966
298 2188 0.241660919472
1586 1815 0.158113883008
2370 2223 0.225610283454
1815 1586 0.158113883008
1467 1725 0.240416305603
327 891 0.13
906 543 0.22803508502
324 1187 0.0781024967591
1246 260 0.133416640641
1617 2228 0.255538646784
1533 1140 0.262488094968
1061 1088 0.122065556157
1511 1598 0.123693168769
215 265 0.139283882772
2118 2143 0.0538516480713
923 2100 0.0781024967591
646 237 0.183847763109
235 1679 0.134536240471
1158 2281 0.141421356237
606 16 0.263058928759
218 1736 0.172626765016
1295 1974 0.210950231097
2037 1713 0.180277563773
46 345 0.122065556157
1841 930 0.222036033112
725 1300 0.152643375225
951 156 0.164012194669
2281 1158 0.141421356237
743 1387 0.22627416998
183 1736 0.202237484162
1474 640 0.138924439895
830 1244 0.0721110255093
718 159 0.247588368063
356 1539 0.262488094968
751 2281 0.269258240357
472 54 0.2
2333 1779 0.203960780544
288 766 0.266270539114
1142 605 0.120415945788
2312 1751 0.150332963784
1446 1503 0.261725046566
2082 1011 0.250599281723
111 2001 0.26
752 1611 0.269072480941
193 54 0.22360679775
2303 636 0.200249843945
795 1546 0.245153013443
528 1502 0.0948683298051
2336 809 0.17
570 1986 0.123693168769
2252 2336 0.261725046566
867 1122 0.0943398113206
1347 2017 0.268700576851
623 1151 0.174928556845
1496 1272 0.25
539 296 0.208086520467
689 1287 0.262488094968
1289 729 0.2
1467 1138 0.200997512422
1112 738 0.233238075794
1046 481 0.206155281281
1799 518 0.0943398113206
1512 2264 0.13
1125 1455 0.156204993518
96 1702 0.13
1145 1688 0.164924225025
1191 1226 0.158113883008
1522 2244 0.152970585408
45 587 0.0583095189485
2161 2197 0.0282842712475
2264 267 0.152643375225
2255 2254 0.225610283454
1609 1451 0.266833281283
202 1920 0.240831891576
2120 1887 0.261725046566
1102 446 0.224722050542
1287 1822 0.226715680975
1460 180 0.262488094968
819 1896 0.215870331449
2209 1955 0.177200451467
1106 1936 0.080622577483
1535 1685 0.0905538513814
181 1509 0.22
63 554 0.25
440 2183 0.22803508502
2205 182 0.257099202644
1842 440 0.240416305603
1637 1152 0.158113883008
1975 1995 0.219317121995
1892 1861 0.13152946438
838 1030 0.22
227 895 0.155241746963
1284 2097 0.116619037897
93 2177 0.247588368063
907 1806 0.1
2196 2162 0.23
550 1483 0.23
2196 744 0.152643375225
1664 100 0.15
1688 1635 0.220227155455
1166 151 0.11401754251
2155 1311 0.203960780544
1968 2173 0.107703296143
829 2281 0.107703296143
1663 1314 0.20591260282
54 193 0.22360679775
2312 1753 0.188679622641
925 1061 0.237065391823
712 1079 0.1
675 390 0.2
1118 530 0.108166538264
2223 1359 0.250199920064
163 1733 0.25632011236
2151 1424 0.219317121995
1134 1864 0.0854400374532
503 1277 0.120415945788
351 609 0.0860232526704
218 1908 0.177200451467
1488 2180 0.210950231097
1147 839 0.221359436212
1392 302 0.200997512422
1548 1630 0.17691806013
2022 1584 0.174928556845
1410 1230 0.26
949 1267 0.220907220344
1865 837 0.26
32 1239 0.177200451467
1473 318 0.21400934559
1742 162 0.0707106781187
405 1254 0.260768096208
1011 1136 0.268700576851
2231 193 0.25632011236
1220 1724 0.136014705087
1663 779 0.20591260282
303 380 0.0824621125124
699 2082 0.05
123 621 0.245153013443
403 985 0.152970585408
1481 1323 0.186815416923
1520 155 0.2
141 215 0.138924439894
1664 1974 0.164012194669
472 425 0.269072480941
1097 1921 0.180277563773
2043 817 0.206155281281
563 762 0.206155281281
1733 11 0.167630546142
1866 1340 0.104403065089
1368 1249 0.219317121995
2155 3 0.25
1522 337 0.17
428 2085 0.25
1937 438 0.215406592285
1304 2273 0.220907220344
724 1880 0.22
182 900 0.1
1994 1422 0.222036033112
535 1355 0.269072480941
1198 220 0.171172427686
1781 1986 0.172626765016
863 2311 0.241660919472
2351 162 0.269258240357
823 337 0.262488094968
1086 1697 0.252982212813
707 655 0.10295630141
