543 166 0.162788205961
83 1028 0.104403065089
496 247 0.0824621125124
297 1097 0.080622577483
1086 384 0.143178210633
1038 973 0.110453610172
1022 576 0.134536240471
1144 405 0.10295630141
595 677 0.139283882772
97 204 0.161245154966
538 819 0.0943398113206
491 433 0.123693168769
1010 57 0.151327459504
735 697 0.0943398113206
924 969 0.165529453572
173 622 0.0424264068712
855 446 0.0538516480713
270 779 0.161245154966
1103 265 0.116619037897
265 537 0.147648230602
174 27 0.14
85 1058 0.156204993518
430 190 0.0761577310586
879 672 0.0943398113206
898 85 0.164012194669
195 253 0.098488578018
1130 273 0.144222051019
422 860 0.0583095189485
879 654 0.134536240471
802 276 0.100498756211
297 790 0.02
1133 396 0.139283882772
454 305 0.151327459504
512 60 0.0583095189485
624 552 0.1
149 628 0.13152946438
372 1083 0.111803398875
320 1022 0.111803398875
626 371 0.0316227766017
407 430 0.0824621125124
426 4 0.13416407865
570 246 0.152970585408
725 1009 0.117046999107
39 1073 0.0632455532034
533 51 0.101980390272
645 339 0.120830459736
366 1022 0.098488578018
1046 623 0.128062484749
223 840 0.156204993518
355 577 0.13152946438
955 1140 0.101980390272
277 998 0.156524758425
237 1128 0.13416407865
604 589 0.080622577483
717 0 0.1
97 362 0.136014705087
602 695 0.05
297 864 0.161245154966
90 802 0.07
92 326 0.05
317 442 0.125299640861
464 654 0.120830459736
909 1157 0.155241746963
837 665 0.158113883008
544 133 0.067082039325
348 660 0.094868329805
290 890 0.0707106781187
389 353 0.111803398875
755 1090 0.156524758425
533 453 0.13416407865
770 686 0.0707106781187
907 672 0.130384048104
980 1110 0.111803398875
90 784 0.0854400374532
667 321 0.148660687473
75 706 0.1
495 468 0.148660687473
784 298 0.152970585408
918 751 0.152315462117
18 1033 0.133416640641
171 421 0.116619037897
270 454 0.123693168769
1104 1164 0.121655250606
488 1035 0.110453610172
491 50 0.0632455532034
987 495 0.0707106781187
825 188 0.139283882772
1157 1165 0.0921954445729
442 534 0.147648230602
1009 19 0.138924439894
70 633 0.04472135955
614 463 0.067082039325
133 914 0.05
190 1123 0.152970585408
30 273 0.0921954445729
284 840 0.0509901951359
569 936 0.0707106781187
85 773 0.13416407865
287 64 0.141421356237
98 104 0.139283882772
392 1062 0.120415945788
690 235 0.141421356237
818 1060 0.0632455532034
412 167 0.158113883008
1012 999 0.13
715 75 0.136014705087
97 1058 0.151327459504
853 587 0.0989949493661
514 604 0.0854400374532
816 467 0.138924439894
26 17 0.0424264068712
537 816 0.158113883008
1022 732 0.160312195419
672 822 0.0316227766017
287 389 0.0824621125124
274 807 0.161245154966
228 320 0.0943398113206
954 957 0.0721110255093
546 453 0.0583095189485
1089 260 0.00999999999999
61 722 0.0538516480713
1006 667 0.0632455532034
654 706 0.158113883008
1176 958 0.0538516480713
811 392 0.060827625303
515 423 0.164012194669
352 334 0.080622577483
225 862 0.0761577310586
581 721 0.0854400374532
792 19 0.111803398875
660 48 0.0728010988928
1176 298 0.123693168769
61 1148 0.0854400374532
1164 184 0.0989949493661
579 958 0.133416640641
217 741 0.161554944214
320 784 0.0282842712475
457 703 0.111803398875
368 853 0.158113883008
127 453 0.08
647 32 0.122065556157
979 293 0.0905538513814
816 123 0.03
572 705 0.117046999107
179 99 0.143178210633
277 1025 0.05
320 85 0.04472135955
808 346 0.0509901951359
251 816 0.101980390272
276 366 0.0538516480713
859 612 0.0860232526704
1107 863 0.134536240471
511 1047 0.156204993518
1083 425 0.161554944214
524 932 0.04
407 121 0.128062484749
898 1121 0.07
443 414 0.133416640641
407 456 0.121655250606
529 1159 0.148660687473
652 940 0.150332963784
1120 37 0.0538516480713
398 1126 0.080622577483
432 721 0.0424264068712
457 331 0.134536240471
698 822 0.0360555127546
120 34 0.0509901951359
86 1102 0.107703296143
720 792 0.1
879 90 0.11
325 666 0.0583095189485
937 737 0.067082039325
105 1023 0.128062484749
127 546 0.0707106781187
166 85 0.080622577483
376 284 0.111803398875
5 792 0.121655250606
645 624 0.152970585408
1074 641 0.13416407865
390 830 0.162788205961
1042 43 0.111803398875
1051 897 0.148660687473
802 453 0.05
763 687 0.143178210633
643 775 0.13
640 380 0.142126704036
304 598 0.147648230602
1105 96 0.111803398875
279 235 0.138924439894
371 889 0.158113883008
997 168 0.156204993518
1159 695 0.0943398113206
271 588 0.156524758425
546 389 0.11313708499
389 706 0.152970585408
732 602 0.094868329805
741 317 0.130384048104
1062 684 0.152643375225
448 717 0.05
738 653 0.11401754251
907 283 0.02
165 620 0.143178210633
1171 1017 0.155241746963
1113 770 0.04
973 1114 0.104403065089
27 457 0.0860232526704
166 298 0.0640312423743
138 1028 0.151327459504
1126 398 0.080622577483
422 110 0.147648230602
124 313 0.0583095189485
659 770 0.101980390272
989 41 0.02
1058 204 0.100498756211
1016 228 0.134536240471
853 128 0.120415945788
1140 631 0.03
9 1059 0.0707106781187
136 430 0.13
522 277 0.161245154966
548 441 0.148660687473
720 473 0.161245154966
622 173 0.0424264068712
255 202 0.0316227766017
653 695 0.152970585408
1176 85 0.01
642 6 0.152970585408
200 1089 0.13152946438
90 353 0.13152946438
285 417 0.117046999107
41 795 0.164012194669
457 300 0.143178210633
822 75 0.107703296143
228 78 0.1
987 281 0.141421356237
1010 501 0.07
1088 824 0.143178210633
7 890 0.156204993518
848 897 0.0860232526704
802 168 0.144222051019
491 375 0.104403065089
217 454 0.151327459504
762 579 0.111803398875
1154 852 0.080622577483
384 1086 0.143178210633
618 600 0.022360679775
10 136 0.0728010988928
706 235 0.13152946438
281 495 0.094868329805
322 1136 0.133416640641
1027 645 0.12
282 372 0.13
276 706 0.150332963784
36 891 0.144222051019
850 265 0.101980390272
614 353 0.123693168769
376 118 0.13416407865
958 168 0.08
925 980 0.0848528137424
11 884 0.101980390272
887 51 0.142126704036
178 108 0.094868329805
784 287 0.0854400374532
594 261 0.060827625303
138 569 0.0316227766017
274 159 0.05
1123 972 0.05
601 1028 0.060827625303
924 98 0.107703296143
127 228 0.130384048104
333 226 0.14
980 57 0.0781024967591
320 75 0.0640312423743
534 165 0.0632455532034
326 309 0.05
962 682 0.0781024967591
344 414 0.148660687473
789 865 0.144222051019
645 1027 0.12
227 864 0.152970585408
477 64 0.106301458127
1015 66 0.13152946438
159 304 0.139283882772
1028 227 0.101980390272
506 911 0.0707106781187
458 228 0.06
1060 653 0.156524758425
614 458 0.0707106781187
112 227 0.0781024967591
399 307 0.156204993518
755 19 0.155241746963
1142 798 0.138924439894
681 673 0.116619037897
512 738 0.04472135955
131 1120 0.139283882772
879 1089 0.143178210633
260 51 0.120415945788
705 94 0.142126704036
714 574 0.0360555127546
357 328 0.111803398875
223 39 0.13
386 280 0.164924225025
283 802 0.0640312423743
552 802 0.05
289 784 0.05
575 65 0.133416640641
28 105 0.107703296143
650 30 0.111803398875
889 278 0.0141421356237
1176 1013 0.120830459736
850 556 0.0728010988928
594 146 0.136014705087
441 801 0.08
860 1027 0.0583095189485
879 881 0.128062484749
1073 125 0.13152946438
988 235 0.0583095189485
276 443 0.147648230602
432 560 0.128062484749
204 958 0.106301458127
121 783 0.120415945788
287 85 0.080622577483
413 720 0.148660687473
362 204 0.111803398875
172 136 0.05
1080 10 0.165529453572
228 818 0.151327459504
453 614 0.141421356237
546 1058 0.155241746963
1176 75 0.0707106781187
914 133 0.05
645 279 0.0989949493661
529 695 0.094868329805
507 174 0.0424264068712
713 909 0.0538516480713
19 527 0.01
823 252 0.0781024967591
253 422 0.0854400374532
779 265 0.05
1098 322 0.108166538264
256 372 0.0316227766017
269 464 0.10295630141
65 36 0.121655250606
776 31 0.0424264068712
1083 17 0.0360555127546
59 112 0.120415945788
200 695 0.111803398875
695 443 0.141421356237
722 405 0.161554944214
276 353 0.13
274 999 0.13
293 886 0.0989949493661
391 668 0.162788205961
1081 364 0.02
997 881 0.0860232526704
1107 1113 0.107703296143
1043 913 0.0360555127546
447 1097 0.150332963784
1089 351 0.0854400374532
492 430 0.111803398875
567 1148 0.0707106781187
784 988 0.0824621125124
1016 715 0.0282842712475
324 932 0.067082039325
1107 289 0.147648230602
1092 421 0.122065556157
583 1081 0.104403065089
174 1177 0.130384048104
616 215 0.161245154966
866 497 0.02
988 269 0.15
527 792 0.11401754251
37 216 0.022360679775
322 605 0.13
440 196 0.0860232526704
64 1107 0.06
335 1145 0.133416640641
203 1013 0.080622577483
863 168 0.165529453572
867 297 0.022360679775
1007 211 0.145602197786
443 889 0.161245154966
13 705 0.0316227766017
351 963 0.01
976 1049 0.05
156 1178 0.05
443 362 0.05
890 968 0.022360679775
391 414 0.161554944214
407 801 0.100498756211
280 557 0.080622577483
750 2 0.133416640641
1102 824 0.148660687473
537 631 0.1
907 64 0.155563491861
976 339 0.0894427191
963 204 0.12
1103 198 0.1
747 413 0.0921954445729
686 1113 0.0509901951359
654 75 0.158113883008
456 921 0.0538516480713
292 668 0.13
925 57 0.11
602 653 0.11
435 1014 0.152315462117
138 39 0.0707106781187
546 269 0.16
329 304 0.0860232526704
442 1140 0.150332963784
973 948 0.140356688476
698 887 0.13152946438
654 389 0.121655250606
389 204 0.0824621125124
654 204 0.04
504 816 0.0583095189484
957 1068 0.101980390272
1026 839 0.1
576 90 0.0538516480713
698 654 0.0360555127546
253 196 0.0989949493661
90 958 0.0854400374532
686 124 0.123693168769
783 1080 0.0854400374532
556 198 0.0360555127546
277 522 0.161245154966
95 711 0.108166538264
349 692 0.130384048104
822 97 0.165529453572
558 711 0.111803398875
1022 276 0.0707106781187
1060 443 0.09
595 700 0.126491106407
78 1013 0.0509901951359
443 654 0.094868329805
738 292 0.123693168769
414 653 0.0894427191
239 723 0.156204993518
102 436 0.160312195419
138 425 0.148660687473
109 569 0.133416640641
624 802 0.136014705087
77 280 0.123693168769
366 944 0.161554944214
130 216 0.060827625303
1013 898 0.08
170 897 0.143178210633
48 683 0.111803398875
258 919 0.0707106781186
688 159 0.145602197786
1123 216 0.0721110255093
1051 747 0.0632455532034
464 193 0.1
741 534 0.136014705087
802 988 0.0905538513814
35 477 0.138924439894
255 237 0.164012194669
262 85 0.158113883008
223 445 0.11313708499
653 9 0.142126704036
403 676 0.05
979 616 0.111803398875
1042 747 0.0781024967591
1090 5 0.156524758425
252 823 0.0781024967591
506 419 0.0583095189485
265 466 0.067082039325
51 1016 0.164012194669
816 741 0.120830459736
624 1176 0.156204993518
996 376 0.02
256 1083 0.0921954445729
298 200 0.0707106781187
599 994 0.12
898 762 0.120830459736
203 988 0.0707106781187
322 577 0.0412310562562
977 765 0.13
818 464 0.0640312423743
443 1159 0.0538516480713
1167 560 0.0860232526704
1089 1159 0.03
738 278 0.0707106781187
1013 320 0.067082039325
957 474 0.13
948 772 0.05
376 26 0.123693168769
773 279 0.156524758425
1054 676 0.162788205961
149 505 0.161245154966
962 745 0.13
283 458 0.158113883008
103 681 0.0509901951359
590 1125 0.0412310562562
801 216 0.080622577483
281 681 0.13
91 1106 0.0
747 292 0.111803398875
5 292 0.104403065089
121 526 0.0943398113206
454 505 0.152643375225
72 391 0.0583095189485
975 327 0.147648230602
135 1147 0.0781024967591
124 1059 0.106301458127
1058 533 0.03
391 9 0.120415945788
860 196 0.022360679775
988 1058 0.145602197786
188 544 0.122065556157
193 204 0.0905538513814
168 672 0.152643375225
831 1165 0.05
859 217 0.101980390272
803 5 0.164012194669
816 70 0.130384048104
547 677 0.1
320 579 0.116619037897
350 16 0.0424264068712
1054 325 0.139283882772
211 366 0.161554944214
948 973 0.140356688476
443 818 0.151327459504
256 376 0.03
276 90 0.128062484749
903 380 0.148660687473
23 192 0.0360555127546
144 457 0.142126704036
671 936 0.121655250606
563 388 0.117046999107
988 533 0.140356688476
1016 887 0.022360679775
19 271 0.144222051019
933 1027 0.0707106781187
814 638 0.106301458127
721 73 0.07
954 1179 0.133416640641
955 240 0.11
289 75 0.121655250606
166 353 0.161554944214
364 367 0.13
624 463 0.111803398875
601 1032 0.0943398113206
19 596 0.06
911 825 0.122065556157
430 131 0.158113883008
301 1015 0.127279220614
416 994 0.0632455532034
75 235 0.0921954445729
451 905 0.13152946438
1036 793 0.094868329805
106 510 0.152970585408
440 860 0.067082039325
378 1047 0.13416407865
516 643 0.101980390272
1058 690 0.0424264068712
327 310 0.098488578018
679 138 0.0424264068712
5 19 0.0412310562562
125 138 0.13
383 327 0.11401754251
458 773 0.080622577483
654 963 0.08
422 196 0.0412310562562
305 266 0.0509901951359
583 1072 0.156204993518
738 720 0.165529453572
1058 1022 0.0640312423743
1113 997 0.0854400374532
104 98 0.139283882772
944 1159 0.0781024967591
1121 463 0.0424264068712
773 1013 0.022360679775
244 977 0.151327459504
27 131 0.141421356237
997 543 0.144222051019
548 371 0.150332963784
371 738 0.152970585408
927 9 0.05
523 1074 0.0761577310586
602 464 0.148660687473
334 352 0.080622577483
944 732 0.162788205961
453 287 0.11401754251
888 397 0.13
486 785 0.155241746963
1176 773 0.143178210633
572 442 0.122065556157
94 13 0.11313708499
44 167 0.067082039325
833 231 0.080622577483
1060 822 0.080622577483
883 655 0.147648230602
1089 963 0.0761577310586
412 679 0.162788205961
827 761 0.120415945788
458 78 0.04
439 566 0.143178210633
762 784 0.0360555127546
927 1059 0.120415945788
673 281 0.161554944214
373 111 0.101980390272
681 281 0.13
278 889 0.0141421356237
543 414 0.162788205961
78 463 0.13152946438
1027 1093 0.111803398875
996 1002 0.134536240471
510 807 0.13
530 282 0.04
1150 503 0.148660687473
362 193 0.060827625303
799 879 0.111803398875
62 570 0.133416640641
65 160 0.12
306 628 0.0921954445729
1079 210 0.0894427191
479 39 0.116619037897
635 677 0.094868329805
427 1072 0.120415945788
204 85 0.111803398875
305 572 0.136014705087
453 166 0.107703296143
52 866 0.111803398875
864 406 0.164924225025
426 536 0.133416640641
536 426 0.133416640641
1167 605 0.0360555127546
279 614 0.152970585408
822 228 0.11401754251
1144 96 0.121655250606
1005 1135 0.147648230602
213 779 0.080622577483
206 1166 0.05
51 464 0.06
276 389 0.02
235 552 0.111803398875
52 612 0.158113883008
302 834 0.150332963784
829 940 0.130384048104
706 654 0.158113883008
1165 990 0.126491106407
138 1032 0.0854400374532
515 823 0.022360679775
432 502 0.067082039325
874 1022 0.120415945788
581 221 0.100498756211
874 533 0.0781024967591
124 477 0.1
1033 697 0.110453610172
85 453 0.0360555127546
207 705 0.02
8 404 0.0632455532034
256 445 0.06
478 220 0.134536240471
269 1060 0.0921954445729
655 1102 0.121655250606
193 51 0.04
43 499 0.162788205961
313 499 0.165529453572
542 1129 0.106301458127
165 633 0.05
41 55 0.123693168769
305 251 0.11
690 298 0.13416407865
60 626 0.0707106781187
186 103 0.08
59 4 0.0316227766017
440 976 0.143178210633
986 607 0.152643375225
44 845 0.150332963784
690 269 0.080622577483
783 190 0.160312195419
298 443 0.111803398875
1022 822 0.0565685424949
913 348 0.13416407865
219 4 0.148660687473
516 522 0.110453610172
774 229 0.101980390272
714 743 0.05
635 687 0.04
779 572 0.162788205961
458 614 0.0707106781187
1059 713 0.0583095189485
784 289 0.05
189 439 0.067082039325
505 494 0.116619037897
37 407 0.080622577483
682 61 0.0412310562562
1176 552 0.101980390272
344 588 0.0360555127546
512 889 0.107703296143
1070 83 0.164012194669
674 433 0.152970585408
732 529 0.05
802 576 0.0282842712475
716 785 0.0707106781187
472 403 0.0538516480713
612 741 0.120415945788
734 195 0.120415945788
37 130 0.04472135955
376 256 0.03
238 835 0.11313708499
339 736 0.164924225025
317 572 0.130384048104
720 371 0.1
1010 980 0.11401754251
127 458 0.0860232526704
1107 543 0.01
790 864 0.164924225025
331 703 0.14
27 355 0.0943398113206
631 633 0.12
1032 412 0.101980390272
631 955 0.13152946438
412 44 0.120415945788
927 889 0.03
1024 118 0.080622577483
255 83 0.07
822 1089 0.128062484749
54 481 0.134536240471
898 773 0.0728010988928
1121 624 0.080622577483
26 967 0.138924439895
728 141 0.04472135955
28 1023 0.0632455532034
1055 609 0.13
738 136 0.151327459504
370 1014 0.0905538513814
75 166 0.11313708499
725 371 0.080622577483
1009 499 0.155241746963
602 529 0.13
743 1100 0.098488578018
605 876 0.151327459504
1009 527 0.144222051019
259 858 0.0509901951359
134 987 0.120415945788
78 279 0.141421356237
214 79 0.12
1074 529 0.0848528137424
529 949 0.148660687473
721 1106 0.0583095189485
1089 822 0.128062484749
1123 121 0.141421356237
690 624 0.162788205961
204 320 0.15
13 955 0.0989949493661
5 473 0.128062484749
5 1009 0.133416640641
505 52 0.0860232526704
96 962 0.121655250606
372 996 0.03
331 1125 0.107703296143
43 413 0.0538516480713
136 1031 0.147648230602
217 631 0.13
1060 351 0.0509901951359
818 690 0.11401754251
614 1121 0.067082039325
585 382 0.155241746963
1090 473 0.155241746963
612 467 0.158113883008
35 124 0.0728010988928
763 635 0.13152946438
801 588 0.138924439895
703 131 0.098488578018
756 828 0.0921954445729
125 936 0.13
598 807 0.134536240471
553 495 0.144222051019
1004 157 0.0943398113206
37 136 0.147648230602
1107 90 0.141421356237
580 1026 0.0707106781187
1159 672 0.0921954445729
600 1158 0.162788205961
399 92 0.158113883008
203 1007 0.117046999107
242 1151 0.0728010988928
632 661 0.0894427191
198 1140 0.106301458127
253 1049 0.0707106781187
626 890 0.130384048104
419 865 0.1
619 683 0.04
736 1163 0.0282842712475
978 644 0.133416640641
1121 736 0.0854400374532
61 567 0.022360679775
649 612 0.138924439895
351 204 0.120415945788
930 645 0.155563491861
925 999 0.101980390272
30 726 0.126491106407
67 1136 0.138924439894
320 1007 0.161554944214
97 464 0.0583095189484
210 167 0.107703296143
189 288 0.022360679775
1163 1121 0.111803398875
196 1093 0.16
1059 909 0.0360555127546
461 12 0.0761577310586
958 654 0.138924439894
235 898 0.03
512 668 0.0565685424949
1133 333 0.04
783 641 0.162788205961
44 459 0.123693168769
414 909 0.136014705087
165 240 0.160312195419
1032 569 0.0921954445729
286 819 0.162788205961
632 965 0.11313708499
978 849 0.106301458127
736 279 0.144222051019
681 753 0.0989949493661
218 23 0.161554944214
575 637 0.08
1074 211 0.158113883008
729 250 0.136014705087
677 635 0.094868329805
1152 440 0.162788205961
688 514 0.13152946438
266 123 0.158113883008
1016 211 0.0921954445729
783 801 0.110453610172
396 394 0.080622577483
626 747 0.11313708499
389 1058 0.138924439894
832 691 0.0943398113206
867 113 0.0728010988928
75 715 0.136014705087
572 505 0.125299640861
763 595 0.067082039325
891 522 0.158113883008
287 289 0.0424264068712
734 123 0.147648230602
26 530 0.07
879 579 0.16
882 526 0.148660687473
698 715 0.139283882772
125 479 0.164012194669
17 425 0.126491106407
346 173 0.143178210633
695 529 0.094868329805
765 236 0.156524758425
958 443 0.151327459504
734 816 0.164012194669
537 454 0.1
516 36 0.1
263 1041 0.156524758425
715 463 0.158113883008
85 353 0.0860232526704
974 1115 0.0728010988928
1176 353 0.0943398113206
298 529 0.15
468 968 0.141421356237
283 1176 0.0509901951359
37 1123 0.0728010988928
193 529 0.10295630141
276 1013 0.158113883008
981 797 0.164012194669
228 1176 0.1
943 264 0.07
672 706 0.158113883008
1007 546 0.11401754251
633 779 0.15
997 659 0.156524758425
136 512 0.13152946438
879 64 0.111803398875
464 822 0.141421356237
720 1042 0.0538516480713
911 419 0.02
1002 376 0.122065556157
203 458 0.05
75 576 0.104403065089
918 833 0.158113883008
9 770 0.120830459736
1130 1155 0.164012194669
1037 1136 0.152970585408
441 512 0.155241746963
298 362 0.1
359 577 0.13
741 165 0.0921954445729
203 78 0.03
1042 1031 0.0632455532034
1081 1024 0.08
9 278 0.0509901951359
946 740 0.080622577483
287 166 0.0989949493661
783 1123 0.022360679775
943 893 0.143178210633
346 917 0.1
1034 282 0.0640312423743
1103 253 0.123693168769
690 672 0.155241746963
234 506 0.0632455532034
169 992 0.0316227766017
1051 1031 0.108166538264
686 1165 0.134536240471
734 265 0.120415945788
601 479 0.152970585408
127 762 0.0509901951359
612 240 0.0728010988928
625 748 0.156204993518
783 130 0.06
576 773 0.127279220614
594 390 0.0905538513814
505 149 0.161245154966
530 840 0.022360679775
1072 1083 0.0316227766017
1159 526 0.101980390272
803 548 0.13
110 645 0.0583095189485
391 1113 0.156524758425
597 886 0.101980390272
623 1046 0.128062484749
801 430 0.0360555127546
1137 40 0.165529453572
1172 182 0.151327459504
1027 1152 0.152970585408
784 773 0.116619037897
443 672 0.0989949493661
466 198 0.0854400374532
993 84 0.143178210633
160 36 0.02
859 705 0.0707106781187
643 386 0.0824621125124
72 990 0.152970585408
666 1088 0.152970585408
690 887 0.05
590 491 0.0860232526704
764 232 0.11401754251
92 309 0.094868329805
227 202 0.0565685424949
240 70 0.130384048104
738 371 0.152970585408
204 762 0.16
106 883 0.122065556157
617 356 0.120415945788
783 121 0.120415945788
52 13 0.128062484749
269 799 0.120830459736
72 909 0.10295630141
455 407 0.04472135955
78 898 0.0316227766017
75 262 0.0943398113206
195 930 0.120830459736
848 990 0.11313708499
661 965 0.04
104 890 0.134536240471
1110 1102 0.107703296143
547 687 0.0860232526704
856 833 0.101980390272
801 1090 0.0424264068712
546 690 0.138924439894
237 1070 0.07
240 442 0.125299640861
320 262 0.130384048104
637 209 0.133416640641
514 589 0.02
374 962 0.139283882772
320 546 0.060827625303
10 5 0.10295630141
10 1142 0.160312195419
965 939 0.13152946438
534 442 0.147648230602
997 770 0.123693168769
70 270 0.05
1068 957 0.101980390272
412 109 0.0854400374532
521 160 0.13
442 816 0.122065556157
988 204 0.161554944214
1176 690 0.161554944214
631 270 0.13152946438
529 97 0.02
866 52 0.111803398875
436 1067 0.0854400374532
1140 123 0.120830459736
298 732 0.10295630141
738 19 0.13
607 20 0.12
190 441 0.03
271 1142 0.161245154966
438 1029 0.16
1064 308 0.07
890 468 0.162788205961
554 789 0.158113883008
1007 822 0.161245154966
760 46 0.160312195419
672 907 0.130384048104
445 1024 0.128062484749
733 1100 0.107703296143
88 435 0.111803398875
262 1016 0.158113883008
289 85 0.0538516480713
237 39 0.1
992 327 0.125299640861
251 266 0.111803398875
624 353 0.0728010988928
938 8 0.094868329805
698 85 0.139283882772
564 873 0.06
996 17 0.0921954445729
533 298 0.067082039325
533 690 0.067082039325
464 698 0.106301458127
715 51 0.162788205961
803 968 0.11313708499
94 1040 0.0894427191
442 741 0.0640312423743
773 283 0.162788205961
501 1010 0.07
166 389 0.0509901951359
289 546 0.133416640641
605 359 0.0781024967591
78 235 0.0360555127546
146 1075 0.138924439894
331 456 0.120415945788
287 659 0.116619037897
204 443 0.11401754251
443 193 0.101980390272
445 26 0.12
747 76 0.15
458 546 0.02
537 213 0.0761577310586
1121 78 0.100498756211
849 1077 0.05
879 283 0.067082039325
165 265 0.15
572 165 0.15
72 499 0.0509901951359
25 134 0.098488578018
278 512 0.10295630141
783 455 0.05
32 1101 0.0894427191
365 415 0.01
1110 824 0.15
1140 251 0.0781024967591
270 504 0.136014705087
57 797 0.110453610172
10 344 0.151327459504
1015 820 0.0905538513814
94 317 0.080622577483
454 779 0.164012194669
56 1129 0.165529453572
235 78 0.0360555127546
799 695 0.13416407865
442 454 0.0943398113206
747 1051 0.0632455532034
889 60 0.158113883008
747 890 0.0316227766017
1042 588 0.152643375225
98 924 0.107703296143
468 495 0.148660687473
1013 85 0.111803398875
1058 464 0.100498756211
1040 705 0.133416640641
589 604 0.080622577483
799 443 0.04472135955
537 534 0.151327459504
1058 200 0.0894427191
1060 362 0.0583095189485
1098 300 0.0943398113206
924 104 0.0316227766017
116 499 0.111803398875
577 1098 0.0707106781187
659 879 0.100498756211
967 511 0.0894427191
494 505 0.116619037897
511 996 0.0905538513814
447 250 0.165529453572
166 287 0.0989949493661
955 572 0.100498756211
556 251 0.05
909 626 0.161554944214
1073 569 0.04
529 351 0.0921954445729
203 353 0.0824621125124
1015 87 0.117046999107
168 863 0.165529453572
816 534 0.03
344 792 0.0781024967591
909 889 0.106301458127
632 806 0.13
815 974 0.104403065089
1049 1152 0.03
371 35 0.150332963784
91 73 0.123693168769
75 552 0.10295630141
676 688 0.101980390272
1 86 0.142126704036
137 844 0.120415945788
803 290 0.111803398875
659 927 0.13152946438
88 722 0.164012194669
1093 279 0.104403065089
722 745 0.130384048104
1090 783 0.141421356237
74 1045 0.130384048104
936 367 0.0894427191
262 988 0.0707106781187
279 1027 0.0860232526704
533 458 0.150332963784
448 0 0.15
413 626 0.151327459504
967 1002 0.0943398113206
213 305 0.022360679775
1179 400 0.162788205961
57 501 0.0824621125124
229 810 0.0707106781187
850 251 0.121655250606
773 90 0.156524758425
1022 353 0.13152946438
864 297 0.161245154966
679 671 0.0707106781187
963 1089 0.0761577310586
527 60 0.0860232526704
988 690 0.130384048104
796 692 0.121655250606
556 816 0.151327459504
1176 1058 0.15
1065 232 0.141421356237
893 682 0.152315462117
35 117 0.0509901951359
9 653 0.142126704036
85 78 0.134536240471
214 1041 0.0824621125124
275 1169 0.1
262 552 0.136014705087
877 263 0.0583095189485
879 362 0.158113883008
833 566 0.13
77 516 0.111803398875
301 66 0.080622577483
972 1090 0.08
835 238 0.11313708499
367 583 0.128062484749
833 856 0.101980390272
166 51 0.144222051019
542 917 0.148660687473
1108 794 0.125299640861
442 317 0.125299640861
1070 1028 0.1
879 1176 0.0943398113206
473 653 0.128062484749
1125 703 0.141421356237
130 37 0.04472135955
289 204 0.147648230602
483 214 0.13
458 85 0.111803398875
298 907 0.164012194669
1102 274 0.0565685424949
279 773 0.156524758425
415 281 0.14
579 802 0.0860232526704
271 455 0.13152946438
576 672 0.143178210633
654 51 0.0707106781187
505 454 0.152643375225
1059 477 0.0854400374532
589 153 0.162788205961
443 958 0.151327459504
455 1120 0.101980390272
57 981 0.120415945788
391 371 0.104403065089
455 190 0.139283882772
972 1123 0.05
898 203 0.01
77 847 0.158113883008
686 863 0.0640312423743
527 136 0.0360555127546
720 527 0.120830459736
795 111 0.139283882772
207 217 0.127279220614
700 763 0.060827625303
1044 1043 0.101980390272
1041 1086 0.13152946438
912 181 0.152970585408
136 738 0.151327459504
405 962 0.158113883008
351 822 0.13
999 329 0.12
822 706 0.126491106407
814 66 0.158113883008
1113 659 0.116619037897
936 671 0.121655250606
453 822 0.12
721 432 0.0424264068712
166 799 0.0824621125124
226 943 0.156524758425
665 384 0.158113883008
840 256 0.0894427191
168 770 0.151327459504
784 907 0.0728010988928
155 838 0.165529453572
1078 684 0.164012194669
351 672 0.123693168769
271 801 0.0860232526704
323 547 0.02
834 302 0.150332963784
39 1032 0.152643375225
323 820 0.111803398875
57 334 0.111803398875
123 734 0.147648230602
886 215 0.0538516480713
865 789 0.144222051019
802 1022 0.136014705087
935 360 0.136014705087
992 169 0.0316227766017
529 533 0.152970585408
581 73 0.128062484749
723 956 0.0721110255093
1152 1027 0.152970585408
933 1093 0.05
472 666 0.07
725 1042 0.0848528137424
97 698 0.13
1074 200 0.164012194669
747 5 0.139283882772
834 956 0.14
504 620 0.11401754251
260 298 0.11313708499
619 48 0.111803398875
1083 840 0.0360555127546
298 204 0.022360679775
913 8 0.0282842712475
516 1166 0.0707106781187
519 902 0.0860232526704
1133 394 0.0640312423743
420 132 0.143178210633
1031 60 0.067082039325
1169 32 0.111803398875
598 999 0.144222051019
73 699 0.120830459736
271 674 0.147648230602
686 881 0.0538516480713
822 260 0.136014705087
211 732 0.0781024967591
655 158 0.13
449 959 0.02
1002 372 0.158113883008
431 665 0.0921954445729
690 453 0.15
706 533 0.0721110255093
101 592 0.022360679775
1159 269 0.134536240471
898 706 0.161245154966
762 614 0.150332963784
35 848 0.080622577483
118 1081 0.138924439894
235 762 0.111803398875
190 755 0.156204993518
516 891 0.121655250606
909 72 0.10295630141
391 292 0.16
642 734 0.0538516480714
340 250 0.152970585408
1091 948 0.080622577483
200 602 0.11401754251
668 172 0.121655250606
1165 1113 0.111803398875
1078 811 0.158113883008
704 164 0.080622577483
697 1033 0.110453610172
1110 999 0.143178210633
582 620 0.111803398875
805 656 0.104403065089
626 527 0.156204993518
1152 195 0.11401754251
505 859 0.0509901951359
767 541 0.0640312423743
414 1107 0.161245154966
200 672 0.106301458127
266 816 0.13
64 260 0.164012194669
61 1144 0.156204993518
772 1091 0.121655250606
1106 560 0.11313708499
818 822 0.0781024967591
380 640 0.142126704036
602 944 0.07
957 1000 0.122065556157
773 614 0.136014705087
624 645 0.152970585408
714 29 0.111803398875
865 478 0.104403065089
822 715 0.151327459504
277 160 0.158113883008
1014 435 0.152315462117
1124 549 0.117046999107
673 681 0.116619037897
10 755 0.0707106781187
85 262 0.158113883008
160 521 0.13
1022 269 0.0509901951359
195 556 0.067082039325
673 103 0.158113883008
883 159 0.117046999107
18 728 0.0583095189485
953 1028 0.1
229 1155 0.106301458127
946 309 0.120415945788
848 1084 0.104403065089
598 1012 0.13
706 624 0.152970585408
311 386 0.0921954445729
671 425 0.120415945788
925 274 0.148660687473
569 367 0.158113883008
1120 1080 0.0707106781187
1157 64 0.158113883008
276 362 0.162788205961
980 925 0.0848528137424
274 676 0.156524758425
738 344 0.0728010988928
1025 998 0.11401754251
166 1022 0.0824621125124
351 698 0.101980390272
921 455 0.13152946438
255 1032 0.101980390272
39 223 0.13
411 474 0.150332963784
722 962 0.01
19 548 0.09
494 466 0.141421356237
351 211 0.122065556157
572 612 0.067082039325
860 339 0.04
235 353 0.08
122 993 0.126491106407
1130 309 0.127279220614
1027 339 0.0509901951359
907 659 0.130384048104
198 504 0.10295630141
51 526 0.122065556157
546 276 0.128062484749
898 235 0.03
874 1007 0.13152946438
576 1022 0.134536240471
97 529 0.02
351 1089 0.0854400374532
445 967 0.13
466 213 0.05
362 1159 0.0141421356237
279 463 0.123693168769
943 226 0.156524758425
791 239 0.143178210633
543 366 0.158113883008
588 172 0.02
552 784 0.0728010988928
988 458 0.022360679775
768 939 0.13
171 242 0.02
974 655 0.158113883008
73 581 0.128062484749
877 1086 0.0565685424949
172 10 0.121655250606
747 626 0.11313708499
751 288 0.0707106781187
329 807 0.104403065089
122 834 0.151327459504
779 537 0.104403065089
812 259 0.0360555127546
344 10 0.151327459504
633 94 0.120415945788
960 872 0.0781024967591
1097 864 0.161554944214
228 389 0.101980390272
121 351 0.151327459504
326 399 0.120415945788
1102 1088 0.0583095189485
806 536 0.165529453572
231 918 0.162788205961
109 679 0.139283882772
228 698 0.13
633 240 0.133416640641
394 226 0.148660687473
554 461 0.0943398113206
963 874 0.152643375225
203 235 0.02
909 927 0.130384048104
715 228 0.106301458127
715 698 0.139283882772
811 1078 0.158113883008
288 825 0.0943398113206
634 128 0.0316227766017
1093 440 0.10295630141
7 924 0.0360555127546
668 626 0.141421356237
799 818 0.11
482 1002 0.139283882772
220 744 0.121655250606
298 879 0.130384048104
790 113 0.0905538513814
577 1167 0.143178210633
863 1113 0.05
557 891 0.111803398875
552 453 0.0707106781187
11 1122 0.126491106407
657 183 0.0424264068712
125 376 0.104403065089
76 441 0.11401754251
533 85 0.134536240471
67 1170 0.148660687473
75 958 0.123693168769
183 657 0.0424264068712
373 197 0.15
770 391 0.122065556157
595 635 0.107703296143
594 1144 0.0707106781187
223 427 0.152970585408
784 203 0.147648230602
4 219 0.148660687473
228 654 0.161245154966
869 664 0.134536240471
582 642 0.111803398875
695 799 0.13416407865
1113 1165 0.111803398875
863 686 0.0640312423743
262 1176 0.161554944214
1169 1045 0.111803398875
415 1051 0.0721110255093
422 1103 0.158113883008
1080 473 0.141421356237
751 439 0.11401754251
78 320 0.0943398113206
754 542 0.147648230602
13 94 0.11313708499
1095 1062 0.02
184 1164 0.0989949493661
1070 671 0.07
320 389 0.0728010988928
681 186 0.10295630141
679 39 0.0824621125124
427 967 0.111803398875
874 698 0.101980390272
283 287 0.0316227766017
1051 371 0.10295630141
444 1166 0.138924439894
672 944 0.161245154966
45 197 0.0316227766017
1042 548 0.104403065089
569 138 0.0316227766017
228 353 0.0943398113206
458 203 0.05
715 1016 0.0282842712475
51 204 0.10295630141
990 391 0.121655250606
457 491 0.158113883008
371 117 0.145602197786
209 575 0.0583095189485
987 134 0.120415945788
546 576 0.111803398875
360 935 0.136014705087
741 633 0.0632455532034
269 732 0.11
184 977 0.111803398875
112 59 0.120415945788
955 537 0.0360555127546
1012 304 0.07
75 762 0.0707106781187
1078 481 0.10295630141
21 423 0.101980390272
524 52 0.15
906 553 0.098488578018
71 1171 0.134536240471
202 255 0.0316227766017
125 118 0.0360555127546
732 193 0.0538516480713
1070 479 0.05
1102 158 0.162788205961
936 118 0.101980390272
128 587 0.0943398113206
1103 1049 0.0728010988928
842 636 0.158113883008
660 904 0.022360679775
763 814 0.140356688476
5 512 0.120830459736
578 1097 0.161554944214
51 874 0.0943398113206
37 456 0.120415945788
792 278 0.11313708499
160 516 0.12
375 144 0.100498756211
925 981 0.156204993518
491 1104 0.101980390272
505 572 0.125299640861
1104 144 0.121655250606
228 166 0.130384048104
560 1167 0.0860232526704
1062 811 0.165529453572
459 475 0.104403065089
546 706 0.130384048104
698 200 0.0583095189485
389 127 0.133416640641
251 123 0.111803398875
783 1090 0.141421356237
732 1089 0.13152946438
917 23 0.0640312423743
441 216 0.138924439894
26 445 0.12
911 489 0.151327459504
534 467 0.11401754251
1050 775 0.0360555127546
130 972 0.02
366 204 0.0412310562562
264 394 0.0728010988928
506 489 0.104403065089
359 1167 0.0824621125124
1044 938 0.13152946438
559 93 0.0282842712475
1002 840 0.0632455532034
1125 433 0.126491106407
492 1080 0.134536240471
1080 972 0.0538516480714
412 255 0.144222051019
396 333 0.130384048104
43 415 0.0316227766017
579 762 0.111803398875
907 389 0.0761577310586
779 467 0.04472135955
588 76 0.0360555127546
364 256 0.161245154966
443 944 0.0707106781187
1042 76 0.116619037897
149 866 0.0854400374532
612 207 0.0632455532034
465 31 0.0989949493661
884 699 0.080622577483
399 326 0.120415945788
172 596 0.0854400374532
228 366 0.15
66 270 0.147648230602
253 1152 0.0538516480713
512 1031 0.125299640861
775 643 0.13
988 907 0.155241746963
802 287 0.0921954445729
886 979 0.0824621125124
721 727 0.164012194669
712 746 0.0781024967591
222 1084 0.02
269 1159 0.134536240471
975 794 0.03
999 1110 0.143178210633
784 262 0.152970585408
236 1104 0.123693168769
371 548 0.150332963784
491 331 0.0412310562562
112 202 0.100498756211
408 39 0.156204993518
258 1076 0.141421356237
1007 1121 0.123693168769
719 89 0.03
690 732 0.165529453572
1140 572 0.120415945788
341 208 0.0583095189485
511 26 0.117046999107
556 504 0.138924439894
759 639 0.130384048104
96 1105 0.111803398875
26 282 0.03
464 887 0.10295630141
407 216 0.0848528137424
422 930 0.0707106781186
1047 39 0.161245154966
818 529 0.098488578018
1053 1179 0.13
1006 321 0.106301458127
798 1177 0.0707106781187
1013 802 0.0781024967591
229 1130 0.0583095189485
696 701 0.136014705087
618 920 0.160312195419
96 61 0.08
450 531 0.128062484749
351 166 0.155241746963
530 284 0.07
117 72 0.0728010988928
631 612 0.151327459504
389 320 0.0728010988928
779 649 0.0360555127546
601 112 0.152970585408
30 650 0.111803398875
222 673 0.162788205961
458 706 0.120830459736
344 1009 0.122065556157
643 206 0.0943398113206
57 562 0.0640312423743
136 292 0.156204993518
706 698 0.122065556157
9 64 0.0707106781187
732 443 0.155241746963
898 127 0.1
779 633 0.15
1152 253 0.0538516480713
939 1006 0.127279220614
52 497 0.104403065089
836 450 0.108166538264
1088 403 0.0316227766017
85 533 0.134536240471
553 987 0.110453610172
397 1133 0.13416407865
425 996 0.164012194669
799 602 0.0921954445729
54 1078 0.0412310562562
376 511 0.0707106781187
1176 822 0.094868329805
479 679 0.0824621125124
146 261 0.156204993518
131 1090 0.136014705087
807 158 0.152643375225
732 1159 0.101980390272
602 121 0.143178210633
672 228 0.141421356237
444 712 0.1
276 879 0.080622577483
926 314 0.0707106781187
824 1088 0.143178210633
17 511 0.106301458127
292 371 0.067082039325
389 799 0.133416640641
696 218 0.161245154966
649 165 0.143178210633
76 1042 0.116619037897
968 1051 0.067082039325
237 679 0.0282842712475
473 19 0.0921954445729
50 1164 0.107703296143
342 239 0.0824621125124
1028 1032 0.0707106781186
276 533 0.10295630141
168 1176 0.13152946438
762 453 0.0316227766017
801 596 0.130384048104
1060 874 0.133416640641
978 815 0.158113883008
75 672 0.130384048104
392 1078 0.108166538264
51 799 0.107703296143
1013 453 0.0824621125124
816 165 0.0360555127546
944 443 0.0707106781187
1015 14 0.14
418 312 0.143178210633
572 1040 0.120415945788
386 663 0.16
1090 344 0.147648230602
240 612 0.0728010988928
700 814 0.139283882772
853 634 0.15
973 1180 0.143178210633
60 803 0.111803398875
1093 303 0.11401754251
976 196 0.0728010988928
381 23 0.126491106407
323 595 0.0509901951359
705 149 0.152315462117
44 1079 0.161554944214
955 213 0.0781024967591
1075 1144 0.130384048104
1088 86 0.0509901951359
732 1074 0.134536240471
1090 588 0.134536240471
876 1098 0.106301458127
1040 148 0.162788205961
372 583 0.0781024967591
424 251 0.0728010988928
290 1051 0.06
667 539 0.098488578018
1102 159 0.098488578018
289 958 0.05
527 292 0.120415945788
231 758 0.111803398875
363 480 0.0781024967591
1035 919 0.1
762 958 0.106301458127
170 770 0.128062484749
78 389 0.156204993518
287 298 0.162788205961
351 1159 0.0583095189485
399 229 0.116619037897
9 909 0.0854400374532
86 274 0.161245154966
313 831 0.0360555127546
962 96 0.121655250606
115 1068 0.152643375225
440 279 0.0781024967591
198 467 0.07
668 653 0.110453610172
262 645 0.138924439894
417 38 0.107703296143
473 927 0.13152946438
407 190 0.150332963784
405 1144 0.10295630141
883 352 0.0707106781186
1089 653 0.0860232526704
317 240 0.12
682 1148 0.0707106781187
97 887 0.161245154966
345 354 0.0707106781186
265 504 0.11401754251
132 285 0.10295630141
492 37 0.0948683298051
497 866 0.02
672 320 0.151327459504
569 1073 0.04
865 489 0.0921954445729
840 511 0.0360555127546
732 698 0.0948683298051
1058 193 0.134536240471
320 898 0.125299640861
1122 11 0.126491106407
848 499 0.0632455532034
802 898 0.148660687473
807 1012 0.0948683298051
10 430 0.141421356237
529 193 0.10295630141
193 653 0.158113883008
21 135 0.0141421356237
54 102 0.156524758425
447 113 0.13
117 770 0.152315462117
1145 335 0.133416640641
398 440 0.160312195419
668 292 0.13
857 410 0.150332963784
538 286 0.0824621125124
210 845 0.0781024967591
553 134 0.162788205961
864 538 0.136014705087
536 321 0.0360555127546
492 1123 0.0538516480713
1080 407 0.0761577310586
203 1121 0.0707106781187
454 633 0.101980390272
1047 1072 0.158113883008
372 445 0.0583095189485
460 1170 0.0538516480713
89 719 0.03
762 552 0.04
511 17 0.106301458127
1089 51 0.12
690 166 0.160312195419
659 881 0.09
173 992 0.152970585408
313 713 0.100498756211
6 620 0.0848528137424
1140 240 0.134536240471
60 19 0.080622577483
262 614 0.022360679775
276 166 0.0316227766017
552 958 0.138924439895
990 35 0.07
1073 936 0.0316227766017
576 228 0.136014705087
776 171 0.0894427191
59 426 0.158113883008
365 116 0.151327459504
546 1176 0.1
374 88 0.06
47 832 0.0565685424949
808 23 0.111803398875
311 36 0.152643375225
14 820 0.0509901951359
113 214 0.101980390272
283 90 0.0583095189484
523 641 0.0583095189485
1066 811 0.0921954445729
236 456 0.162788205961
311 891 0.0640312423743
380 164 0.06
847 77 0.158113883008
193 362 0.060827625303
1008 730 0.022360679775
360 277 0.123693168769
389 287 0.0824621125124
1165 997 0.0824621125124
654 533 0.0860232526704
504 649 0.147648230602
453 907 0.101980390272
172 430 0.156204993518
1144 61 0.156204993518
1166 643 0.0583095189485
333 264 0.0989949493661
372 1002 0.158113883008
667 4 0.147648230602
78 1121 0.100498756211
879 276 0.080622577483
362 260 0.02
453 576 0.060827625303
777 25 0.12
1159 276 0.151327459504
395 95 0.13
618 1158 0.141421356237
1077 153 0.121655250606
988 228 0.0538516480714
228 546 0.0632455532034
372 364 0.133416640641
529 211 0.0905538513814
659 713 0.150332963784
289 287 0.0424264068712
131 441 0.160312195419
1121 262 0.0707106781187
51 533 0.101980390272
371 1031 0.11
466 251 0.0781024967591
443 200 0.15
356 689 0.14
955 741 0.138924439895
822 602 0.155241746963
138 936 0.1
589 688 0.136014705087
1142 507 0.15
1115 1102 0.111803398875
164 903 0.111803398875
785 349 0.155563491861
631 534 0.0538516480713
216 433 0.160312195419
1125 590 0.0412310562562
329 510 0.0282842712475
631 816 0.0707106781187
92 399 0.158113883008
664 869 0.134536240471
453 78 0.0989949493661
725 1051 0.060827625303
390 594 0.0905538513814
85 1176 0.01
313 990 0.0707106781187
720 803 0.080622577483
1137 531 0.10295630141
60 441 0.15
763 14 0.130384048104
1159 211 0.155241746963
395 769 0.15
1049 976 0.05
