688 486 0.181107702763
401 913 0.199248588452
843 427 0.182482875909
160 670 0.247588368063
227 889 0.142126704036
532 360 0.26
846 856 0.116619037897
1081 661 0.161245154966
584 577 0.266270539114
946 874 0.148660687473
160 43 0.214709105536
1004 337 0.219317121995
324 431 0.233452350599
224 1080 0.127279220614
1075 521 0.182482875909
530 300 0.174642491966
255 1041 0.0565685424949
422 78 0.238537208838
733 501 0.174642491966
1047 703 0.247588368063
731 14 0.25495097568
232 492 0.240831891576
320 350 0.110453610172
421 1044 0.101980390272
1022 306 0.246981780705
178 703 0.140356688476
130 509 0.106301458127
227 72 0.177200451467
989 776 0.158113883008
809 678 0.174642491966
843 994 0.26
242 713 0.25
347 161 0.15
952 961 0.158113883008
139 537 0.172046505341
959 797 0.194164878389
943 621 0.0848528137424
221 692 0.0848528137424
180 191 0.230867927612
127 1050 0.25
703 612 0.228473193176
356 890 0.236008474424
441 960 0.186815416923
671 1009 0.169705627485
969 412 0.22803508502
551 789 0.25495097568
213 85 0.172046505341
427 518 0.178044938148
915 142 0.250599281723
197 884 0.210237960416
933 509 0.164924225025
46 5 0.178044938148
286 188 0.236008474424
456 348 0.205182845287
974 343 0.200997512422
964 893 0.04472135955
716 1060 0.233452350599
386 90 0.25632011236
772 742 0.241660919472
53 675 0.174642491966
696 64 0.05
389 1052 0.25
989 156 0.211896201004
1084 126 0.060827625303
926 452 0.155241746963
3 166 0.0412310562562
694 538 0.210950231097
227 874 0.1788854382
697 749 0.0424264068712
623 215 0.184390889146
1046 521 0.265706605112
76 441 0.188679622641
170 989 0.210237960416
204 979 0.264007575649
331 915 0.141421356237
795 263 0.247386337537
916 432 0.11401754251
398 736 0.13152946438
318 836 0.17691806013
112 514 0.190262975904
880 8 0.120830459736
591 327 0.228473193176
772 50 0.265706605112
856 252 0.174642491966
342 840 0.174642491966
498 1084 0.197230829233
559 621 0.240416305603
346 59 0.160312195419
442 188 0.215406592285
991 872 0.23
318 253 0.247386337537
94 527 0.11313708499
191 1047 0.107703296143
334 503 0.218403296678
200 545 0.25495097568
227 347 0.13
172 823 0.0761577310586
724 821 0.25495097568
1037 40 0.122065556157
820 802 0.264764045897
93 343 0.148660687473
298 889 0.0761577310586
9 881 0.127279220614
818 278 0.247588368063
995 730 0.110453610172
297 805 0.165529453572
454 1062 0.22
663 322 0.15
476 404 0.197230829233
202 247 0.23769728648
674 805 0.130384048104
581 140 0.25
47 304 0.265706605112
579 399 0.134536240471
379 488 0.174928556845
378 130 0.181107702763
365 868 0.0943398113206
934 174 0.235372045919
380 626 0.262488094968
20 69 0.128062484749
77 612 0.18973665961
331 728 0.2
304 541 0.0781024967591
257 632 0.264196896272
327 591 0.228473193176
706 587 0.248394846967
335 312 0.25495097568
337 922 0.202237484162
253 836 0.125299640861
191 882 0.260768096208
886 256 0.145602197786
265 1080 0.233238075794
788 13 0.170880074906
191 43 0.0989949493661
525 399 0.264007575649
342 1067 0.152970585408
360 792 0.250199920064
847 1060 0.0854400374532
159 582 0.188679622641
648 262 0.230217288664
1042 295 0.260192236625
559 549 0.164924225025
713 46 0.120415945788
195 545 0.0943398113206
100 808 0.13
174 542 0.136014705087
936 623 0.2
981 199 0.190262975904
987 922 0.230867927612
190 215 0.255538646784
409 847 0.1788854382
879 822 0.260768096208
772 242 0.121655250606
8 325 0.17
461 974 0.216333076528
838 47 0.150332963784
998 654 0.187882942281
228 974 0.218403296678
641 917 0.219317121995
895 268 0.221359436212
431 324 0.233452350599
866 433 0.111803398875
326 1028 0.161245154966
739 751 0.1788854382
266 1073 0.219317121995
53 533 0.1
658 235 0.208806130178
823 658 0.259422435421
316 104 0.120415945788
84 90 0.174642491966
517 101 0.230217288664
248 445 0.134536240471
565 286 0.0921954445729
518 843 0.0894427191
376 913 0.218403296678
314 484 0.205182845287
475 612 0.233452350599
761 540 0.0824621125124
333 661 0.25632011236
632 535 0.156204993518
417 443 0.11401754251
513 366 0.10295630141
588 700 0.120415945788
107 632 0.199248588452
64 696 0.05
103 843 0.151327459504
952 204 0.174642491966
736 773 0.111803398875
543 454 0.152315462117
497 890 0.0854400374532
896 1047 0.0316227766017
862 181 0.241867732449
721 836 0.22360679775
468 377 0.221359436212
353 292 0.11401754251
778 702 0.240416305603
863 118 0.160312195419
421 245 0.0509901951359
905 164 0.180277563773
50 108 0.111803398875
805 998 0.0707106781187
655 979 0.11401754251
734 31 0.145602197786
30 435 0.241867732449
1021 909 0.0948683298051
1037 1045 0.162788205961
173 462 0.224722050542
452 875 0.183847763108
1010 252 0.13152946438
703 1055 0.230217288664
315 512 0.261725046566
984 38 0.120415945788
1036 963 0.13152946438
596 568 0.156204993518
729 156 0.200249843945
170 494 0.230867927612
352 822 0.243310501212
468 293 0.169705627485
592 436 0.0707106781187
324 535 0.255538646784
934 498 0.13152946438
466 547 0.246981780705
965 566 0.242074368738
1016 755 0.192353840617
498 356 0.214709105536
271 191 0.0640312423743
690 129 0.252388589282
862 413 0.22360679775
987 1046 0.1
429 1063 0.12
378 583 0.136014705087
234 155 0.248394846967
415 782 0.07
909 853 0.0538516480713
846 1010 0.144222051019
249 614 0.0707106781187
520 631 0.158113883008
1012 586 0.0860232526704
364 571 0.160312195419
286 797 0.212132034356
986 882 0.11
473 498 0.171172427686
78 721 0.240831891576
674 1033 0.174642491966
675 941 0.259422435421
983 1027 0.25632011236
145 670 0.151327459504
406 342 0.224722050542
214 997 0.161245154966
424 726 0.202237484162
473 324 0.183847763108
249 999 0.0583095189485
432 302 0.264196896272
406 892 0.110453610172
97 648 0.255538646784
74 107 0.220227155455
569 380 0.200249843945
260 906 0.0141421356237
1020 77 0.252982212813
879 427 0.170293863659
11 476 0.254558441227
186 231 0.161245154966
943 587 0.067082039325
1042 116 0.200997512422
249 457 0.180277563773
329 521 0.241660919472
438 71 0.107703296143
974 304 0.240208242989
283 786 0.21400934559
179 784 0.13
936 457 0.143178210633
457 185 0.25495097568
256 238 0.200249843945
543 344 0.11401754251
832 783 0.158113883008
503 986 0.22825424421
169 136 0.161554944214
936 823 0.156204993518
451 764 0.200997512422
348 156 0.257099202644
133 102 0.262488094968
609 662 0.256124969497
227 993 0.170293863659
486 538 0.188679622641
1008 228 0.0860232526704
200 429 0.0360555127546
714 912 0.2683281573
1035 438 0.125299640861
66 974 0.199248588452
173 55 0.240831891576
52 883 0.145602197786
25 572 0.18973665961
730 624 0.206155281281
400 512 0.202237484162
868 113 0.226715680975
192 847 0.13
843 517 0.136014705087
114 626 0.098488578018
189 1055 0.26
891 511 0.210237960416
13 788 0.170880074906
986 43 0.0943398113206
860 967 0.253179778023
412 227 0.11
856 174 0.210237960416
776 156 0.125299640861
885 250 0.253179778023
670 274 0.0948683298051
484 318 0.160312195419
385 459 0.0989949493661
782 92 0.191049731745
492 979 0.186815416923
61 664 0.17
577 468 0.202237484162
993 675 0.250199920064
287 597 0.164012194669
147 110 0.156524758425
735 367 0.106301458127
579 598 0.242074368738
505 1015 0.25495097568
69 652 0.240208242989
365 734 0.05
860 969 0.107703296143
254 975 0.237065391823
106 943 0.156524758425
621 559 0.240416305603
167 547 0.256124969497
768 24 0.152970585408
664 549 0.122065556157
693 802 0.19
93 476 0.245153013443
47 541 0.194164878389
549 2 0.11
355 797 0.22627416998
179 577 0.13152946438
1008 400 0.2683281573
101 1081 0.158113883008
71 57 0.213775583264
112 1012 0.233238075794
159 700 0.208086520467
427 696 0.22825424421
366 633 0.148660687473
64 223 0.16
155 1069 0.260768096208
860 372 0.0640312423743
1081 189 0.134536240471
795 116 0.219317121995
911 721 0.194164878389
892 333 0.208806130178
109 953 0.172046505341
385 90 0.252982212813
406 1066 0.210950231097
61 570 0.215406592285
183 24 0.264764045897
875 945 0.230217288664
623 348 0.2
547 167 0.256124969497
492 363 0.202484567313
658 614 0.125299640861
484 808 0.151327459504
185 1019 0.25495097568
776 982 0.158113883008
1082 274 0.220227155455
211 627 0.219317121995
1062 201 0.0316227766017
29 342 0.151327459504
43 503 0.152970585408
1001 540 0.20591260282
620 331 0.192353840617
406 486 0.128062484749
623 823 0.26
699 477 0.169705627485
1029 134 0.117046999107
28 732 0.219544984001
40 936 0.171172427686
252 685 0.117046999107
1035 603 0.125299640861
892 475 0.259422435421
772 78 0.193132079158
737 576 0.148660687473
197 924 0.212602916255
150 175 0.22803508502
170 1045 0.0921954445729
911 222 0.206155281281
620 618 0.233238075794
47 19 0.02
697 876 0.240208242989
382 999 0.22360679775
595 987 0.18973665961
664 39 0.171172427686
875 460 0.177200451467
148 221 0.206155281281
30 566 0.145602197786
445 442 0.25
623 98 0.101980390272
503 1062 0.184390889146
200 154 0.1
1037 149 0.178044938148
306 352 0.265706605112
605 611 0.11401754251
720 205 0.260768096208
1061 678 0.213775583264
688 189 0.21400934559
97 351 0.05
556 952 0.220907220344
259 654 0.108166538264
152 249 0.148660687473
780 648 0.15
49 347 0.206155281281
684 620 0.116619037897
476 295 0.186815416923
280 918 0.246981780705
623 999 0.243310501212
865 161 0.181107702763
884 47 0.0921954445729
456 748 0.184390889146
238 1045 0.247588368063
372 412 0.17691806013
344 233 0.162788205961
349 1045 0.210237960416
510 96 0.198494332413
486 881 0.252388589282
974 228 0.218403296678
526 504 0.208806130178
228 197 0.148660687473
809 385 0.171172427686
829 14 0.0781024967591
899 647 0.155241746963
488 379 0.174928556845
780 832 0.244131112315
1078 1007 0.228473193176
789 857 0.162788205961
625 123 0.248394846967
565 882 0.234093998214
444 759 0.152315462117
125 443 0.216333076528
439 838 0.13152946438
334 779 0.172046505341
854 524 0.219544984001
858 795 0.261725046566
548 881 0.265706605112
958 1031 0.122065556157
999 152 0.143178210633
908 259 0.142126704036
213 889 0.233452350599
318 198 0.120415945788
892 29 0.0509901951359
847 192 0.13
834 813 0.186010752377
118 654 0.110453610172
805 1033 0.067082039325
549 598 0.17691806013
288 590 0.213775583264
623 190 0.262488094968
822 557 0.0640312423743
271 882 0.222036033112
172 1026 0.205182845287
1070 307 0.219317121995
582 690 0.170293863659
515 389 0.197230829233
538 475 0.05
726 43 0.240208242989
993 334 0.187882942281
989 823 0.130384048104
25 238 0.247588368063
590 767 0.107703296143
793 722 0.222036033112
252 1010 0.13152946438
31 113 0.0509901951359
669 122 0.210237960416
25 596 0.2683281573
94 1070 0.143178210633
180 625 0.120830459736
888 367 0.191049731745
749 655 0.184390889146
389 584 0.152643375225
685 846 0.177200451467
5 412 0.258069758011
253 606 0.10295630141
223 441 0.0728010988928
233 882 0.123693168769
1054 44 0.143178210633
1007 162 0.260192236625
891 78 0.04472135955
138 1006 0.230867927612
879 223 0.212602916255
281 146 0.2
762 418 0.136014705087
881 233 0.178044938148
985 1006 0.192093727123
1026 60 0.0282842712475
1057 721 0.188679622641
180 337 0.17
774 688 0.0905538513814
775 131 0.104403065089
420 999 0.13
162 626 0.22803508502
472 944 0.226715680975
295 136 0.171172427686
241 708 0.1788854382
688 909 0.13
68 1075 0.11401754251
377 525 0.232594066992
817 90 0.11401754251
970 573 0.151327459504
1031 813 0.08
783 240 0.0860232526704
764 756 0.224722050542
485 626 0.130384048104
68 734 0.0781024967591
654 805 0.122065556157
798 622 0.0989949493661
443 203 0.201246117975
235 190 0.0707106781187
542 1010 0.210950231097
516 93 0.25079872408
156 226 0.155563491861
136 605 0.0860232526704
156 58 0.0640312423743
688 406 0.1
507 348 0.266833281283
538 406 0.260768096208
1023 328 0.0728010988928
50 441 0.257099202644
934 346 0.0989949493661
785 632 0.120415945788
621 796 0.216333076528
779 239 0.256124969497
262 1074 0.0707106781186
0 989 0.162788205961
142 264 0.224722050542
538 853 0.252982212813
985 860 0.140356688476
382 507 0.244131112315
722 25 0.0509901951359
965 382 0.133416640641
1047 565 0.172046505341
912 38 0.170880074906
779 138 0.162788205961
773 732 0.206155281281
544 441 0.136014705087
191 503 0.22360679775
751 680 0.224722050542
188 148 0.141421356237
36 570 0.177200451467
629 468 0.060827625303
367 107 0.0781024967591
588 309 0.22803508502
470 395 0.250599281723
95 770 0.161245154966
1001 662 0.0509901951359
1021 101 0.196468827044
29 406 0.107703296143
604 1061 0.172046505341
1081 475 0.172626765016
882 896 0.258069758011
1000 206 0.170880074906
150 582 0.172626765016
345 593 0.0728010988928
889 72 0.152315462117
439 884 0.228473193176
1035 497 0.20591260282
742 15 0.206155281281
1047 986 0.162788205961
988 24 0.182482875909
1074 832 0.174642491966
249 453 0.201246117975
477 886 0.246981780705
517 518 0.219317121995
1078 485 0.13
465 966 0.264007575649
982 185 0.174642491966
1020 46 0.134536240471
909 189 0.0943398113206
789 247 0.2
36 598 0.247588368063
668 872 0.261725046566
424 178 0.0707106781187
1022 544 0.0707106781187
493 240 0.177200451467
517 843 0.136014705087
995 624 0.108166538264
1063 773 0.22627416998
624 256 0.142126704036
269 464 0.250199920064
652 126 0.262488094968
675 1048 0.240416305603
625 337 0.136014705087
57 69 0.23769728648
364 350 0.0854400374532
26 651 0.22803508502
481 643 0.255538646784
221 595 0.05
541 920 0.19
141 1068 0.261725046566
398 28 0.148660687473
627 1031 0.245153013443
136 476 0.233238075794
734 1082 0.25
1059 495 0.219317121995
543 201 0.11401754251
795 1044 0.0728010988928
211 958 0.264007575649
912 928 0.25079872408
748 1019 0.0632455532034
1068 738 0.205182845287
674 455 0.216333076528
404 714 0.162788205961
936 989 0.0905538513814
352 230 0.252388589282
661 1081 0.161245154966
127 387 0.196977156036
404 315 0.246981780705
82 477 0.145602197786
645 72 0.25495097568
743 933 0.139283882772
624 1023 0.120415945788
221 491 0.219317121995
909 196 0.116619037897
191 986 0.151327459504
301 21 0.264007575649
91 654 0.22360679775
150 589 0.141421356237
6 342 0.116619037897
31 737 0.0943398113206
346 174 0.161245154966
1055 548 0.022360679775
454 362 0.130384048104
374 931 0.104403065089
409 302 0.164924225025
161 860 0.208086520467
200 28 0.197989898732
66 731 0.164012194669
19 541 0.213775583264
334 993 0.187882942281
4 301 0.13416407865
815 666 0.0640312423743
11 385 0.260192236625
736 464 0.155241746963
920 228 0.0632455532034
424 882 0.161245154966
882 334 0.140356688476
333 406 0.215870331449
578 829 0.148660687473
238 939 0.116619037897
761 15 0.181107702763
671 576 0.1
533 891 0.18973665961
215 671 0.224722050542
699 572 0.18
242 941 0.210950231097
21 926 0.174928556845
385 817 0.150332963784
477 939 0.182482875909
1084 473 0.165529453572
218 369 0.098488578018
891 1020 0.235372045919
83 345 0.250599281723
5 227 0.180277563773
952 67 0.241660919472
973 627 0.110453610172
926 4 0.143178210633
650 575 0.237065391823
619 14 0.215870331449
1056 1038 0.180277563773
1078 569 0.117046999107
486 189 0.150332963784
387 790 0.201246117975
909 612 0.160312195419
377 515 0.221359436212
551 157 0.136014705087
767 590 0.107703296143
227 298 0.0824621125124
825 680 0.25079872408
181 178 0.125299640861
145 434 0.13
659 604 0.243310501212
1052 377 0.172046505341
461 400 0.080622577483
330 317 0.183575597507
1019 729 0.257099202644
170 226 0.13
297 654 0.05
1071 725 0.231948270095
121 865 0.0583095189485
550 169 0.261725046566
293 629 0.222036033112
184 122 0.248394846967
662 900 0.0412310562562
807 829 0.191049731745
959 1047 0.0761577310586
117 750 0.266833281283
316 420 0.230867927612
668 40 0.165529453572
68 31 0.191049731745
1048 72 0.256124969497
726 442 0.03
545 968 0.210237960416
664 2 0.20591260282
286 43 0.201246117975
87 908 0.206155281281
247 731 0.0921954445729
490 693 0.080622577483
881 454 0.233238075794
32 845 0.0943398113206
751 817 0.206155281281
670 145 0.151327459504
361 768 0.143178210633
329 1006 0.252388589282
726 188 0.22825424421
745 248 0.138924439894
534 60 0.161245154966
1005 176 0.25632011236
496 612 0.140356688476
1037 170 0.141421356237
1004 693 0.211896201004
729 1045 0.111803398875
1047 188 0.147648230602
298 227 0.0824621125124
400 869 0.22825424421
728 142 0.161245154966
836 484 0.11401754251
1022 223 0.250599281723
277 331 0.219544984001
104 435 0.18973665961
959 181 0.247588368063
344 881 0.250199920064
934 59 0.108166538264
557 544 0.205182845287
334 454 0.202237484162
121 161 0.212132034356
372 138 0.0316227766017
960 446 0.156524758425
545 200 0.25495097568
323 1053 0.111803398875
1057 50 0.220227155455
369 218 0.098488578018
662 540 0.25495097568
497 677 0.141421356237
544 230 0.260192236625
72 49 0.150332963784
362 188 0.254558441227
481 250 0.206155281281
813 552 0.16
5 347 0.101980390272
905 363 0.262488094968
415 210 0.252388589282
134 931 0.080622577483
212 186 0.210950231097
717 685 0.206155281281
352 484 0.262488094968
359 918 0.234307490277
1015 505 0.25495097568
110 636 0.199248588452
1056 307 0.253179778023
428 339 0.245153013443
81 376 0.191049731745
842 981 0.212602916255
226 748 0.158113883008
586 1068 0.21400934559
42 523 0.0509901951359
1012 851 0.11401754251
114 176 0.232594066992
856 57 0.0824621125124
172 614 0.186010752377
221 987 0.232594066992
1076 898 0.259422435421
339 394 0.220227155455
649 587 0.161554944214
973 401 0.0141421356237
888 677 0.0583095189485
174 934 0.235372045919
671 1075 0.162788205961
413 424 0.156204993518
376 647 0.166433169771
858 315 0.255538646784
43 362 0.234093998214
1081 486 0.25632011236
53 46 0.111803398875
461 869 0.169705627485
76 427 0.257099202644
802 445 0.250599281723
545 736 0.161245154966
297 863 0.0707106781187
1072 272 0.117046999107
420 235 0.11313708499
93 169 0.241660919472
611 476 0.13416407865
19 884 0.106301458127
690 588 0.170293863659
706 39 0.202484567313
688 774 0.0905538513814
938 1000 0.0316227766017
35 414 0.230867927612
256 82 0.230217288664
348 811 0.186010752377
96 99 0.161245154966
295 1044 0.206155281281
750 414 0.224722050542
76 1012 0.155241746963
365 1009 0.219317121995
200 1063 0.143178210633
221 625 0.1
29 548 0.220227155455
242 1048 0.25495097568
765 575 0.240831891576
185 115 0.263058928759
654 972 0.0854400374532
881 77 0.161554944214
922 180 0.169705627485
455 908 0.25495097568
699 82 0.161245154966
615 707 0.210950231097
355 687 0.15
542 59 0.265706605112
189 538 0.177200451467
145 576 0.230867927612
576 737 0.148660687473
509 378 0.148660687473
148 180 0.219317121995
1030 609 0.13
696 223 0.136014705087
58 936 0.150332963784
611 245 0.220907220344
330 1042 0.172046505341
207 1008 0.186010752377
689 601 0.174642491966
868 434 0.152970585408
497 356 0.155563491861
40 1037 0.122065556157
736 1069 0.206155281281
779 1062 0.17691806013
720 183 0.130384048104
1046 337 0.196468827044
180 802 0.0583095189485
259 297 0.0721110255093
217 231 0.188679622641
20 685 0.140356688476
888 535 0.160312195419
612 189 0.243310501212
8 329 0.180277563773
559 664 0.108166538264
804 392 0.184390889146
548 892 0.192093727123
297 972 0.133416640641
717 71 0.233238075794
499 696 0.238537208838
949 160 0.130384048104
768 205 0.220227155455
256 722 0.126491106407
666 321 0.245967477525
148 274 0.241660919472
1019 783 0.211896201004
989 457 0.192093727123
145 68 0.266833281283
663 1041 0.188679622641
664 88 0.121655250606
1046 1047 0.22
504 765 0.170880074906
377 815 0.214709105536
185 349 0.247386337537
621 943 0.0848528137424
674 666 0.228473193176
697 204 0.247588368063
249 623 0.202484567313
618 684 0.20591260282
911 742 0.192353840617
512 47 0.186815416923
974 858 0.161245154966
49 137 0.170293863659
987 188 0.10295630141
942 434 0.09
413 543 0.184390889146
368 461 0.145602197786
347 865 0.0921954445729
795 330 0.252388589282
1017 122 0.161245154966
1004 695 0.133416640641
967 325 0.202484567313
922 491 0.224722050542
600 1005 0.169705627485
1048 645 0.120830459736
1066 909 0.241660919472
317 90 0.230217288664
384 386 0.0848528137424
49 941 0.199248588452
505 523 0.206155281281
319 647 0.0141421356237
808 742 0.107703296143
688 548 0.0538516480713
294 73 0.224722050542
993 874 0.0707106781187
205 361 0.242074368738
400 838 0.188679622641
1048 713 0.0412310562562
36 559 0.210237960416
475 892 0.259422435421
1021 196 0.0761577310586
417 125 0.210237960416
43 987 0.210237960416
624 48 0.238537208838
657 1038 0.120830459736
840 1011 0.02
1044 317 0.134536240471
544 446 0.155241746963
113 734 0.10295630141
823 420 0.25632011236
457 170 0.25
856 1035 0.126491106407
72 865 0.110453610172
169 467 0.22825424421
172 60 0.233452350599
188 726 0.22825424421
596 722 0.259615099715
624 596 0.2
907 609 0.174642491966
424 344 0.165529453572
123 490 0.162788205961
108 253 0.164012194669
647 319 0.0141421356237
624 489 0.192353840617
605 295 0.241867732449
747 998 0.2683281573
915 264 0.200249843945
1019 351 0.172626765016
329 949 0.136014705087
60 214 0.180277563773
1065 976 0.261725046566
325 8 0.17
520 620 0.197230829233
774 406 0.177200451467
263 339 0.165529453572
497 1035 0.20591260282
743 1006 0.25
295 421 0.134536240471
364 409 0.230867927612
138 969 0.03
626 1007 0.0640312423743
762 953 0.240416305603
511 318 0.0943398113206
1001 471 0.060827625303
605 90 0.260192236625
644 1069 0.0854400374532
852 936 0.259615099715
633 366 0.148660687473
611 1042 0.212602916255
1012 112 0.233238075794
412 779 0.181107702763
140 581 0.25
256 48 0.111803398875
457 776 0.0360555127546
180 1046 0.05
911 318 0.0848528137424
994 843 0.26
487 815 0.203960780544
1037 483 0.215870331449
1068 696 0.252388589282
485 380 0.205182845287
98 348 0.20591260282
785 374 0.243515913238
664 621 0.136014705087
274 880 0.245153013443
793 699 0.22825424421
991 939 0.23769728648
371 970 0.220227155455
487 559 0.156524758425
163 553 0.260192236625
1003 929 0.0412310562562
256 567 0.208086520467
5 298 0.138924439895
1067 538 0.111803398875
779 325 0.0943398113206
519 976 0.25179356624
726 703 0.172046505341
43 191 0.0989949493661
758 331 0.24
729 185 0.220227155455
742 78 0.174642491966
1005 733 0.110453610172
332 642 0.0707106781187
813 250 0.232594066992
774 853 0.190262975904
614 420 0.067082039325
737 98 0.241660919472
435 999 0.219317121995
873 966 0.191049731745
877 153 0.161245154966
507 1009 0.201246117975
197 207 0.136014705087
90 1042 0.241867732449
1012 994 0.143178210633
879 586 0.170293863659
561 678 0.177200451467
491 221 0.219317121995
527 281 0.136014705087
924 858 0.240416305603
965 509 0.214709105536
559 634 0.143178210633
515 179 0.196468827044
98 982 0.246981780705
521 68 0.252388589282
134 1029 0.117046999107
690 582 0.170293863659
743 325 0.243310501212
1011 538 0.210237960416
688 703 0.215406592285
606 100 0.219317121995
367 591 0.05
636 58 0.241660919472
684 395 0.235372045919
100 742 0.197230829233
181 233 0.161245154966
872 1023 0.170293863659
989 729 0.246981780705
253 640 0.133416640641
18 724 0.11401754251
712 905 0.187882942281
191 896 0.139283882772
149 804 0.25
330 11 0.2683281573
1028 672 0.164012194669
39 579 0.098488578018
872 328 0.17
502 922 0.0824621125124
984 918 0.184390889146
12 803 0.25
710 1003 0.228473193176
783 748 0.255538646784
548 774 0.0412310562562
66 247 0.203960780544
994 851 0.0921954445729
648 97 0.255538646784
414 1016 0.226715680975
234 319 0.1
445 1046 0.222036033112
20 807 0.259615099715
1019 1037 0.253179778023
583 933 0.0707106781187
222 911 0.206155281281
333 853 0.25495097568
993 862 0.252982212813
380 135 0.161245154966
511 338 0.212602916255
659 605 0.11313708499
939 1026 0.245153013443
1008 197 0.07
616 727 0.182482875909
347 412 0.170293863659
891 222 0.186010752377
175 205 0.225610283454
512 884 0.121655250606
392 491 0.245153013443
181 687 0.218403296678
868 392 0.243515913238
276 140 0.1788854382
327 735 0.184390889146
537 769 0.11401754251
412 239 0.181107702763
83 593 0.180277563773
728 758 0.2
234 81 0.1
155 913 0.182482875909
650 848 0.100498756211
446 230 0.260768096208
514 518 0.213775583264
362 424 0.130384048104
329 434 0.0707106781187
215 658 0.17
273 667 0.0707106781187
682 527 0.238537208838
98 507 0.2
956 409 0.252388589282
736 269 0.111803398875
988 310 0.165529453572
202 461 0.0707106781186
113 1075 0.197230829233
362 862 0.152970585408
491 502 0.262488094968
999 110 0.257099202644
858 924 0.240416305603
731 400 0.225610283454
420 110 0.13416407865
118 259 0.0943398113206
693 922 0.192093727123
29 333 0.25495097568
1061 90 0.22825424421
517 514 0.196468827044
872 256 0.25
227 412 0.11
742 772 0.241660919472
169 561 0.203960780544
773 968 0.222036033112
395 728 0.11313708499
840 475 0.238537208838
218 1000 0.0707106781186
958 813 0.180277563773
595 490 0.152643375225
832 262 0.108166538264
348 115 0.220227155455
112 879 0.128062484749
470 335 0.161245154966
461 247 0.210950231097
537 111 0.202484567313
852 534 0.261725046566
1009 98 0.210950231097
453 507 0.162788205961
116 11 0.26
632 257 0.264196896272
545 732 0.11313708499
176 733 0.25079872408
74 875 0.25495097568
726 454 0.191049731745
89 977 0.205182845287
447 655 0.127279220614
839 32 0.158113883008
991 624 0.188679622641
823 457 0.13152946438
223 352 0.26
776 172 0.147648230602
544 646 0.18973665961
427 141 0.230867927612
374 816 0.212132034356
138 325 0.155563491861
912 11 0.26
576 507 0.264007575649
313 769 0.194164878389
380 569 0.200249843945
913 41 0.248394846967
532 954 0.263058928759
528 402 0.100498756211
804 811 0.208806130178
429 269 0.203960780544
24 183 0.264764045897
457 420 0.22360679775
423 204 0.180277563773
58 479 0.261725046566
53 1048 0.125299640861
862 946 0.0943398113206
815 634 0.243310501212
725 529 0.120415945788
1066 797 0.248394846967
286 726 0.1
949 1006 0.116619037897
262 780 0.136014705087
820 248 0.0860232526704
994 76 0.192353840617
470 915 0.188679622641
1030 900 0.265706605112
32 393 0.224722050542
74 677 0.247588368063
429 195 0.230217288664
1002 167 0.252982212813
658 348 0.259422435421
392 478 0.25
1042 1044 0.11401754251
450 175 0.219317121995
186 803 0.218403296678
729 748 0.23
1023 730 0.202484567313
616 171 0.121655250606
959 178 0.247386337537
518 103 0.23769728648
158 68 0.191049731745
299 217 0.188679622641
455 118 0.155241746963
892 486 0.219544984001
921 414 0.0707106781187
441 696 0.186010752377
451 83 0.155563491861
981 1039 0.234307490277
215 804 0.202484567313
1066 703 0.151327459504
441 50 0.257099202644
430 186 0.22825424421
94 281 0.248394846967
344 946 0.138924439894
333 1066 0.162788205961
130 274 0.25079872408
116 714 0.144222051019
714 330 0.26
925 380 0.230867927612
434 670 0.172046505341
256 991 0.0707106781187
138 860 0.080622577483
770 857 0.219317121995
736 398 0.13152946438
20 14 0.21400934559
851 427 0.156204993518
163 647 0.12
205 474 0.141421356237
121 741 0.258069758011
302 432 0.264196896272
172 776 0.147648230602
20 448 0.192353840617
1019 748 0.0632455532034
338 742 0.104403065089
138 985 0.0860232526704
36 579 0.022360679775
677 356 0.265706605112
330 228 0.264764045897
70 705 0.134536240471
587 36 0.167630546142
248 695 0.25079872408
685 578 0.261725046566
238 991 0.13
540 198 0.266833281283
742 100 0.197230829233
535 374 0.210237960416
228 1044 0.138924439894
748 804 0.218403296678
813 211 0.145602197786
0 185 0.252982212813
977 983 0.180277563773
295 1061 0.166433169771
865 874 0.220907220344
325 860 0.234307490277
424 881 0.116619037897
189 661 0.0921954445729
64 1012 0.243310501212
318 742 0.11401754251
365 434 0.22825424421
207 245 0.253179778023
170 982 0.0905538513814
530 28 0.246981780705
242 772 0.121655250606
90 386 0.25632011236
745 442 0.247588368063
1005 615 0.22803508502
620 335 0.228473193176
214 305 0.230867927612
710 316 0.21400934559
119 708 0.206155281281
972 998 0.10295630141
392 68 0.0860232526704
372 325 0.172046505341
1041 663 0.188679622641
1068 1012 0.22803508502
938 369 0.13152946438
595 802 0.143178210633
107 327 0.202484567313
178 959 0.247386337537
687 565 0.26
239 138 0.136014705087
84 604 0.0707106781187
800 764 0.199248588452
39 649 0.0848528137424
1020 49 0.111803398875
1075 113 0.197230829233
866 35 0.0894427191
442 703 0.197230829233
468 389 0.117046999107
582 159 0.188679622641
81 163 0.0707106781187
946 334 0.0824621125124
372 967 0.228473193176
598 570 0.220227155455
154 429 0.067082039325
614 636 0.210237960416
636 623 0.230217288664
621 88 0.25079872408
822 1022 0.2
772 108 0.205182845287
1082 625 0.264196896272
567 1045 0.211896201004
314 533 0.264007575649
328 991 0.212132034356
690 613 0.208086520467
1045 0 0.230217288664
48 668 0.156524758425
1047 726 0.080622577483
696 1012 0.200249843945
945 707 0.187882942281
623 156 0.0781024967591
654 863 0.05
927 266 0.222036033112
180 959 0.19
741 347 0.25632011236
48 872 0.263058928759
71 497 0.187882942281
736 195 0.183575597507
323 562 0.060827625303
119 26 0.0854400374532
986 181 0.26
201 1006 0.222036033112
926 945 0.067082039325
281 94 0.248394846967
494 872 0.0921954445729
88 399 0.0781024967591
535 258 0.148660687473
793 852 0.1788854382
946 178 0.210950231097
50 696 0.197230829233
603 497 0.240208242989
448 1028 0.178044938148
998 1052 0.174928556845
666 179 0.2
118 805 0.117046999107
166 795 0.191049731745
472 495 0.184390889146
559 570 0.0721110255093
697 556 0.246981780705
677 785 0.101980390272
362 565 0.0583095189485
882 454 0.0721110255093
73 1005 0.0721110255093
458 839 0.196468827044
456 349 0.190262975904
776 457 0.0360555127546
593 423 0.266270539114
409 350 0.242074368738
875 1029 0.241867732449
317 421 0.224722050542
987 1082 0.243515913238
1075 31 0.23769728648
609 907 0.174642491966
352 253 0.174928556845
892 196 0.111803398875
743 566 0.13
652 157 0.01
145 811 0.202484567313
1011 1081 0.167630546142
1072 765 0.25495097568
352 606 0.0721110255093
836 911 0.0921954445729
565 881 0.164924225025
774 181 0.247386337537
684 534 0.161245154966
854 1036 0.11401754251
488 428 0.230867927612
637 1059 0.21400934559
813 958 0.180277563773
271 178 0.247588368063
201 993 0.246981780705
588 690 0.170293863659
795 304 0.2
475 694 0.197989898732
742 338 0.104403065089
967 933 0.101980390272
221 693 0.222036033112
322 524 0.2683281573
703 688 0.215406592285
507 235 0.23769728648
214 618 0.238537208838
330 611 0.06
700 690 0.05
511 108 0.260768096208
514 843 0.152643375225
112 50 0.170293863659
892 548 0.192093727123
295 93 0.116619037897
638 129 0.111803398875
564 465 0.200249843945
252 69 0.152970585408
327 438 0.206155281281
891 533 0.18973665961
482 611 0.241867732449
737 113 0.122065556157
21 134 0.222036033112
321 815 0.18973665961
169 93 0.241660919472
708 241 0.1788854382
982 0 0.138924439895
199 241 0.233238075794
678 604 0.0921954445729
543 503 0.2683281573
298 865 0.0824621125124
584 629 0.136014705087
36 943 0.220907220344
661 694 0.0509901951359
959 1046 0.152970585408
1037 494 0.098488578018
567 328 0.253179778023
1062 271 0.222036033112
972 91 0.171172427686
81 401 0.260192236625
433 755 0.22360679775
521 491 0.260768096208
1052 972 0.2
317 1042 0.022360679775
202 66 0.13152946438
439 731 0.230217288664
925 122 0.241660919472
152 172 0.259422435421
1080 3 0.187882942281
153 859 0.0860232526704
489 596 0.0948683298051
540 900 0.230867927612
728 470 0.145602197786
507 130 0.188679622641
1010 652 0.197989898732
121 298 0.130384048104
817 714 0.230867927612
439 368 0.0948683298051
684 728 0.198494332413
327 535 0.164012194669
926 875 0.171172427686
160 882 0.25632011236
53 741 0.166433169771
847 350 0.231948270095
345 764 0.0948683298051
980 57 0.211896201004
95 789 0.22803508502
68 737 0.247386337537
228 476 0.22825424421
43 896 0.200997512422
399 559 0.170293863659
690 210 0.25079872408
920 197 0.162788205961
840 6 0.104403065089
142 915 0.250599281723
860 161 0.208086520467
43 160 0.214709105536
61 943 0.0905538513814
245 920 0.0640312423743
104 999 0.222036033112
809 169 0.248394846967
76 64 0.120415945788
2 106 0.133416640641
350 500 0.202484567313
164 727 0.130384048104
815 487 0.203960780544
43 946 0.160312195419
922 275 0.122065556157
845 979 0.245967477525
557 1012 0.238537208838
873 465 0.139283882772
398 545 0.167630546142
816 931 0.13
286 881 0.222036033112
636 852 0.254558441227
561 384 0.201246117975
404 795 0.10295630141
953 1080 0.177200451467
169 678 0.0948683298051
789 14 0.080622577483
525 321 0.196977156036
1075 811 0.200997512422
551 542 0.213775583264
476 421 0.174928556845
808 222 0.17691806013
908 281 0.203960780544
942 734 0.25079872408
467 561 0.15
783 97 0.0316227766017
270 414 0.212602916255
960 76 0.0538516480713
438 890 0.107703296143
732 41 0.136014705087
860 743 0.166433169771
222 891 0.186010752377
28 913 0.184390889146
900 1030 0.265706605112
122 585 0.219317121995
844 639 0.236008474424
127 633 0.172046505341
762 339 0.17
189 853 0.147648230602
282 697 0.199248588452
854 602 0.2
888 757 0.162788205961
499 715 0.0509901951359
317 11 0.224722050542
455 654 0.261725046566
412 860 0.196977156036
362 687 0.258069758011
82 793 0.136014705087
486 101 0.266270539114
104 152 0.188679622641
230 223 0.148660687473
396 914 0.250199920064
783 1074 0.162788205961
511 15 0.152315462117
1080 224 0.127279220614
941 53 0.170880074906
685 789 0.25495097568
61 36 0.133416640641
667 523 0.261725046566
764 800 0.199248588452
738 1012 0.106301458127
742 1048 0.230217288664
868 221 0.262488094968
922 490 0.145602197786
97 262 0.140356688476
329 1082 0.155241746963
551 247 0.192353840617
200 773 0.13152946438
275 188 0.252982212813
1034 474 0.04
242 721 0.134536240471
459 90 0.226715680975
106 621 0.152643375225
802 959 0.241867732449
869 247 0.134536240471
189 1021 0.0640312423743
494 567 0.140356688476
1016 414 0.226715680975
487 664 0.264196896272
107 74 0.220227155455
215 185 0.213775583264
942 329 0.148660687473
658 58 0.230867927612
936 0 0.111803398875
242 808 0.18973665961
316 152 0.171172427686
890 497 0.0854400374532
559 399 0.170293863659
880 372 0.206155281281
333 774 0.107703296143
348 748 0.260192236625
939 479 0.200249843945
909 1066 0.241660919472
969 779 0.16
945 875 0.230217288664
634 389 0.25179356624
725 691 0.1788854382
133 531 0.164924225025
671 811 0.0640312423743
813 1031 0.08
367 757 0.0583095189485
256 995 0.247588368063
612 486 0.10295630141
226 156 0.155563491861
306 540 0.245967477525
129 175 0.156524758425
802 987 0.17
671 145 0.138924439894
1058 940 0.170293863659
75 416 0.13152946438
569 1078 0.117046999107
1042 404 0.108166538264
545 464 0.120415945788
61 2 0.182482875909
296 497 0.161554944214
646 544 0.18973665961
618 142 0.186010752377
328 1023 0.0728010988928
1063 75 0.213775583264
822 223 0.06
1009 804 0.13152946438
412 993 0.264007575649
619 448 0.212132034356
346 603 0.262488094968
626 380 0.262488094968
807 69 0.172626765016
40 982 0.174642491966
98 658 0.0538516480713
1040 498 0.199248588452
1075 671 0.162788205961
318 831 0.25
521 275 0.2
497 374 0.259422435421
829 69 0.174642491966
858 330 0.2683281573
118 1033 0.0509901951359
696 822 0.194164878389
49 121 0.202484567313
398 154 0.17
802 595 0.143178210633
988 361 0.2
438 327 0.206155281281
356 980 0.202237484162
8 274 0.13
549 106 0.191049731745
963 255 0.233238075794
259 972 0.172626765016
1017 96 0.0360555127546
491 68 0.224722050542
88 39 0.236008474424
240 1074 0.120415945788
628 752 0.193132079158
425 700 0.183575597507
100 511 0.0721110255093
738 499 0.106301458127
487 220 0.228473193176
100 484 0.0282842712475
313 436 0.10295630141
502 491 0.262488094968
823 1045 0.264007575649
269 416 0.0282842712475
487 784 0.0894427191
934 1040 0.221359436212
1021 853 0.136014705087
234 627 0.233452350599
549 579 0.067082039325
942 503 0.220227155455
107 757 0.104403065089
888 591 0.158113883008
75 968 0.226715680975
49 741 0.0565685424949
43 726 0.240208242989
262 783 0.155241746963
640 911 0.198494332413
913 163 0.08
271 286 0.2
595 148 0.192353840617
327 296 0.0921954445729
724 693 0.242074368738
221 18 0.257099202644
395 142 0.06
805 972 0.04472135955
129 589 0.186815416923
297 259 0.0721110255093
160 874 0.238537208838
122 925 0.241660919472
166 3 0.0412310562562
720 244 0.215406592285
334 986 0.172046505341
423 756 0.13152946438
909 892 0.13
540 662 0.25495097568
941 713 0.0721110255093
498 1040 0.199248588452
538 909 0.222036033112
645 533 0.0943398113206
583 743 0.184390889146
230 837 0.260768096208
986 1062 0.174642491966
490 1046 0.200249843945
795 315 0.164924225025
381 594 0.15
808 198 0.122065556157
709 401 0.236008474424
128 212 0.257099202644
604 561 0.264007575649
8 503 0.143178210633
57 717 0.080622577483
234 647 0.0905538513814
595 1046 0.184390889146
688 892 0.183847763109
881 548 0.265706605112
758 142 0.240831891576
853 538 0.252982212813
304 884 0.248394846967
906 260 0.0141421356237
1029 875 0.241867732449
715 837 0.262488094968
722 624 0.264196896272
808 100 0.13
895 139 0.0921954445729
222 100 0.12
942 868 0.161554944214
175 244 0.162788205961
252 57 0.120415945788
121 675 0.139283882772
882 191 0.260768096208
980 346 0.164012194669
92 471 0.192353840617
1055 486 0.25495097568
635 563 0.25079872408
671 392 0.224722050542
251 165 0.0640312423743
1055 1066 0.0854400374532
192 302 0.17691806013
769 139 0.0707106781186
226 170 0.13
770 789 0.0721110255093
38 984 0.120415945788
346 980 0.164012194669
406 1081 0.248394846967
415 581 0.0282842712475
188 521 0.2683281573
658 152 0.22803508502
180 221 0.186010752377
857 770 0.219317121995
743 30 0.220227155455
931 460 0.197230829233
845 67 0.0640312423743
285 268 0.10295630141
1036 186 0.234093998214
779 985 0.213775583264
167 983 0.143178210633
552 627 0.194164878389
779 969 0.16
35 1016 0.143178210633
69 57 0.23769728648
136 343 0.22803508502
1047 797 0.162788205961
149 748 0.0905538513814
629 293 0.222036033112
879 851 0.147648230602
233 424 0.0640312423743
482 343 0.155241746963
592 895 0.240831891576
623 115 0.180277563773
457 147 0.230867927612
470 684 0.170293863659
1066 881 0.22803508502
139 592 0.166433169771
634 321 0.0632455532034
638 690 0.156204993518
324 59 0.155241746963
100 222 0.12
61 649 0.144222051019
325 1006 0.117046999107
1059 391 0.11401754251
178 233 0.0360555127546
16 794 0.160312195419
24 720 0.192093727123
713 78 0.181107702763
603 356 0.164012194669
344 121 0.219544984001
949 967 0.252388589282
394 224 0.264196896272
412 347 0.170293863659
116 317 0.182482875909
874 413 0.172626765016
1060 956 0.0424264068712
868 329 0.215406592285
343 207 0.080622577483
454 9 0.11401754251
112 851 0.230217288664
309 415 0.101980390272
1046 148 0.235372045919
320 192 0.15
677 535 0.111803398875
678 169 0.0948683298051
942 670 0.111803398875
684 618 0.20591260282
632 888 0.143178210633
178 454 0.0905538513814
330 245 0.161245154966
986 233 0.144222051019
846 1035 0.241660919472
84 678 0.060827625303
129 582 0.155241746963
36 706 0.14
272 526 0.15
882 233 0.123693168769
837 64 0.174642491966
548 909 0.172626765016
308 525 0.18
102 1038 0.12
942 671 0.197230829233
559 321 0.183575597507
986 334 0.172046505341
220 468 0.192093727123
94 307 0.181107702763
318 891 0.240208242989
160 862 0.260192236625
185 158 0.250199920064
461 202 0.0707106781186
321 389 0.231948270095
66 202 0.13152946438
334 344 0.180277563773
497 438 0.080622577483
64 994 0.201246117975
489 568 0.246981780705
645 741 0.244131112315
510 184 0.121655250606
347 741 0.25632011236
400 924 0.260192236625
345 1015 0.192353840617
401 250 0.164924225025
179 815 0.138924439894
979 952 0.177200451467
879 230 0.245153013443
510 531 0.172046505341
269 75 0.11
468 629 0.060827625303
675 347 0.140356688476
699 722 0.25495097568
398 773 0.04472135955
1009 215 0.098488578018
531 657 0.191049731745
620 684 0.116619037897
986 442 0.214709105536
234 530 0.161245154966
501 733 0.174642491966
8 985 0.264007575649
346 473 0.196977156036
490 922 0.145602197786
678 817 0.230217288664
924 482 0.22825424421
72 645 0.25495097568
141 696 0.216333076528
776 190 0.262488094968
269 644 0.210950231097
1067 342 0.152970585408
775 558 0.25495097568
634 377 0.205182845287
971 753 0.04
703 424 0.143178210633
501 1073 0.155241746963
427 715 0.161245154966
337 692 0.171172427686
201 188 0.260768096208
314 1048 0.240831891576
561 84 0.233452350599
416 200 0.200249843945
1021 29 0.120415945788
779 161 0.222036033112
722 596 0.259615099715
6 517 0.1
985 138 0.0860232526704
800 204 0.259615099715
235 152 0.0824621125124
233 191 0.25079872408
334 949 0.25495097568
125 25 0.25079872408
551 770 0.190262975904
476 136 0.233238075794
745 1046 0.245153013443
475 6 0.231948270095
997 793 0.164924225025
