112 50 0.170293863659
181 362 0.09
302 364 0.067082039325
475 1067 0.0632455532034
843 427 0.182482875909
423 756 0.13152946438
688 486 0.181107702763
321 487 0.0282842712475
25 48 0.17
384 604 0.165529453572
457 936 0.143178210633
758 915 0.101980390272
294 626 0.170880074906
296 632 0.0989949493661
1069 200 0.0360555127546
262 493 0.108166538264
593 83 0.180277563773
897 744 0.152970585408
1081 661 0.161245154966
439 838 0.13152946438
406 909 0.0412310562562
185 456 0.0707106781187
594 381 0.15
314 891 0.104403065089
712 83 0.166433169771
762 280 0.148660687473
280 762 0.148660687473
946 874 0.148660687473
684 470 0.170293863659
879 715 0.174928556845
760 575 0.160312195419
201 43 0.156204993518
769 895 0.0943398113206
521 1075 0.182482875909
853 486 0.0824621125124
224 1080 0.127279220614
434 145 0.13
320 192 0.15
245 330 0.161245154966
207 295 0.174928556845
840 103 0.0640312423743
638 129 0.111803398875
829 578 0.148660687473
255 1041 0.0565685424949
424 565 0.116619037897
118 863 0.160312195419
32 67 0.156204993518
733 501 0.174642491966
703 233 0.170293863659
346 174 0.161245154966
257 639 0.148660687473
108 721 0.172626765016
308 815 0.181107702763
201 334 0.060827625303
866 433 0.111803398875
452 926 0.155241746963
28 773 0.160312195419
320 350 0.110453610172
421 1044 0.101980390272
663 255 0.13416407865
1067 189 0.122065556157
647 530 0.0860232526704
192 571 0.183575597507
350 364 0.0854400374532
1053 323 0.111803398875
427 879 0.170293863659
538 196 0.174642491966
178 703 0.140356688476
846 856 0.116619037897
932 1053 0.138924439894
933 743 0.139283882772
886 25 0.0316227766017
130 509 0.106301458127
227 72 0.177200451467
989 776 0.158113883008
809 678 0.174642491966
272 504 0.17
152 999 0.143178210633
347 161 0.15
433 35 0.067082039325
1012 960 0.158113883008
442 797 0.098488578018
139 537 0.172046505341
943 621 0.0848528137424
221 692 0.0848528137424
994 586 0.152643375225
985 933 0.183847763108
817 384 0.134536240471
264 758 0.104403065089
84 659 0.172626765016
362 726 0.0728010988928
5 675 0.0412310562562
334 874 0.123693168769
991 722 0.133416640641
291 355 0.171172427686
245 421 0.0509901951359
862 233 0.111803398875
314 721 0.155241746963
521 221 0.0921954445729
71 856 0.143178210633
909 1021 0.0948683298051
1047 286 0.120415945788
498 59 0.0894427191
883 359 0.183575597507
743 985 0.08
19 838 0.150332963784
972 259 0.172626765016
865 889 0.158113883008
494 40 0.170880074906
233 413 0.180277563773
687 442 0.170293863659
180 275 0.0538516480713
46 5 0.178044938148
696 557 0.14
59 473 0.0921954445729
144 830 0.166433169771
404 1042 0.108166538264
1020 137 0.13152946438
369 1000 0.162788205961
1080 263 0.151327459504
634 179 0.123693168769
762 394 0.14
923 624 0.15
178 442 0.164924225025
534 214 0.143178210633
964 893 0.04472135955
314 78 0.140356688476
449 945 0.13
9 565 0.0860232526704
80 38 0.122065556157
489 256 0.144222051019
749 393 0.167630546142
589 175 0.126491106407
696 64 0.05
88 579 0.158113883008
265 224 0.11401754251
949 329 0.136014705087
921 433 0.158113883008
694 29 0.05
1084 126 0.060827625303
609 92 0.156524758425
926 452 0.155241746963
863 259 0.142126704036
439 400 0.182482875909
374 957 0.0894427191
3 166 0.0412310562562
50 141 0.0943398113206
211 1031 0.145602197786
309 581 0.126491106407
697 749 0.0424264068712
210 276 0.11401754251
1007 176 0.13
614 249 0.0707106781187
1048 533 0.03
945 4 0.0761577310586
1062 325 0.177200451467
91 1033 0.116619037897
1062 779 0.17691806013
497 327 0.158113883008
1035 71 0.022360679775
484 198 0.11313708499
331 915 0.141421356237
222 1057 0.183847763108
201 862 0.170293863659
728 395 0.11313708499
916 432 0.11401754251
398 736 0.13152946438
639 257 0.148660687473
721 484 0.110453610172
880 8 0.120830459736
348 113 0.156524758425
832 1074 0.174642491966
697 845 0.167630546142
170 349 0.148660687473
734 31 0.145602197786
181 726 0.0989949493661
42 876 0.174928556845
231 186 0.161245154966
215 658 0.17
317 116 0.182482875909
337 180 0.17
1017 99 0.162788205961
633 366 0.148660687473
670 949 0.125299640861
346 59 0.160312195419
76 696 0.0707106781187
504 765 0.170880074906
1068 851 0.142126704036
94 527 0.11313708499
191 1047 0.107703296143
999 453 0.143178210633
652 807 0.0728010988928
227 347 0.13
692 521 0.17691806013
811 31 0.0728010988928
435 509 0.10295630141
172 823 0.0761577310586
201 882 0.165529453572
57 174 0.170293863659
774 406 0.177200451467
185 58 0.111803398875
511 911 0.111803398875
543 986 0.152643375225
911 15 0.05
93 343 0.148660687473
675 298 0.170880074906
587 106 0.0894427191
115 249 0.13152946438
298 889 0.0761577310586
196 189 0.022360679775
589 150 0.141421356237
941 1020 0.177200451467
9 881 0.127279220614
196 486 0.17
1062 882 0.164924225025
779 412 0.181107702763
921 866 0.080622577483
521 595 0.11401754251
36 664 0.13
169 605 0.080622577483
1022 826 0.162788205961
851 994 0.0921954445729
862 191 0.18
595 221 0.05
413 874 0.172626765016
813 973 0.161554944214
624 995 0.108166538264
737 31 0.0943398113206
845 749 0.152643375225
6 1081 0.0848528137424
998 674 0.0721110255093
39 36 0.0860232526704
343 295 0.160312195419
579 399 0.134536240471
379 488 0.174928556845
847 320 0.126491106407
782 581 0.0921954445729
646 306 0.161245154966
911 484 0.111803398875
2 649 0.0781024967591
783 351 0.05
365 868 0.0943398113206
1074 648 0.161245154966
963 1036 0.13152946438
72 227 0.177200451467
20 69 0.128062484749
333 1055 0.1
946 233 0.18
204 423 0.180277563773
1027 89 0.162788205961
100 318 0.140356688476
497 677 0.141421356237
224 265 0.11401754251
912 680 0.0781024967591
654 118 0.110453610172
1063 429 0.12
802 692 0.169705627485
304 541 0.0781024967591
486 909 0.0921954445729
15 511 0.152315462117
342 538 0.122065556157
530 300 0.174642491966
678 386 0.156524758425
246 346 0.158113883008
939 793 0.107703296143
997 214 0.161245154966
577 377 0.0412310562562
761 540 0.0824621125124
788 13 0.170880074906
191 43 0.0989949493661
99 122 0.098488578018
304 512 0.156524758425
1047 181 0.178044938148
979 655 0.11401754251
826 544 0.155241746963
688 333 0.170293863659
726 362 0.0728010988928
340 666 0.170880074906
180 490 0.161245154966
344 862 0.170293863659
847 1060 0.0854400374532
259 863 0.142126704036
1060 302 0.17
493 240 0.177200451467
696 76 0.0707106781187
643 725 0.139283882772
384 90 0.182482875909
11 714 0.121655250606
457 172 0.167630546142
979 749 0.0948683298051
713 46 0.120415945788
195 545 0.0943398113206
605 659 0.11313708499
100 808 0.13
900 471 0.10295630141
808 318 0.0141421356237
619 516 0.177200451467
659 550 0.172626765016
113 734 0.10295630141
598 706 0.174642491966
707 4 0.111803398875
259 972 0.172626765016
420 190 0.0905538513814
125 489 0.148660687473
936 170 0.141421356237
392 31 0.166433169771
199 1039 0.160312195419
856 1035 0.126491106407
862 344 0.170293863659
621 664 0.136014705087
310 988 0.165529453572
1046 625 0.17
772 242 0.121655250606
377 389 0.148660687473
44 1054 0.143178210633
856 603 0.161554944214
732 195 0.13
72 347 0.0640312423743
875 452 0.183847763108
519 1065 0.01
838 47 0.150332963784
544 1022 0.0707106781187
922 221 0.0316227766017
896 188 0.1788854382
382 453 0.0921954445729
746 835 0.164924225025
703 565 0.080622577483
747 1065 0.0905538513814
202 439 0.107703296143
138 969 0.03
442 1047 0.0707106781187
943 39 0.152970585408
658 190 0.139283882772
475 189 0.152643375225
1005 501 0.174642491966
1079 950 0.162788205961
537 139 0.172046505341
817 11 0.11
575 760 0.160312195419
53 533 0.1
694 406 0.152643375225
836 318 0.17691806013
286 424 0.123693168769
1041 255 0.0565685424949
393 961 0.155241746963
233 565 0.111803398875
734 576 0.0824621125124
316 104 0.120415945788
319 155 0.183575597507
84 90 0.174642491966
920 858 0.0640312423743
48 991 0.05
623 0 0.140356688476
248 445 0.134536240471
974 197 0.0707106781187
605 93 0.166433169771
565 286 0.0921954445729
631 520 0.158113883008
518 843 0.0894427191
320 302 0.04
657 311 0.152643375225
941 533 0.08
226 149 0.0894427191
423 764 0.152315462117
247 869 0.134536240471
927 1005 0.0721110255093
197 304 0.171172427686
1037 494 0.098488578018
377 321 0.152643375225
511 222 0.1
482 136 0.104403065089
427 499 0.11401754251
955 716 0.155241746963
587 621 0.09
588 700 0.120415945788
59 934 0.108166538264
197 228 0.148660687473
982 58 0.0632455532034
365 392 0.18
263 3 0.165529453572
64 696 0.05
752 701 0.1
351 97 0.05
1052 1033 0.136014705087
1021 1081 0.152315462117
434 670 0.172046505341
196 342 0.0948683298051
569 114 0.180277563773
543 454 0.152315462117
666 525 0.05
567 479 0.143178210633
882 9 0.170293863659
814 747 0.05
377 1052 0.172046505341
587 649 0.161554944214
98 115 0.080622577483
588 210 0.125299640861
896 1047 0.0316227766017
969 967 0.17
565 896 0.147648230602
994 715 0.11
320 1060 0.155241746963
503 434 0.161245154966
113 158 0.150332963784
618 631 0.111803398875
544 352 0.139283882772
353 292 0.11401754251
811 671 0.0640312423743
93 295 0.116619037897
24 988 0.182482875909
347 5 0.101980390272
421 245 0.0509901951359
616 164 0.178044938148
296 890 0.0761577310586
274 942 0.080622577483
362 986 0.17
50 108 0.111803398875
1046 987 0.1
1046 802 0.09
874 779 0.171172427686
805 998 0.0707106781187
818 283 0.128062484749
101 840 0.123693168769
136 330 0.152315462117
655 979 0.11401754251
366 127 0.0412310562562
1048 891 0.161554944214
525 815 0.02
991 238 0.13
61 2 0.182482875909
998 1052 0.174928556845
1021 909 0.0948683298051
890 785 0.080622577483
139 951 0.107703296143
499 994 0.060827625303
731 247 0.0921954445729
924 207 0.0854400374532
178 286 0.0538516480713
730 995 0.110453610172
713 338 0.120830459736
739 751 0.1788854382
334 201 0.060827625303
309 782 0.111803398875
1010 252 0.13152946438
525 308 0.18
605 330 0.158113883008
69 252 0.152970585408
838 884 0.106301458127
984 38 0.120415945788
1036 963 0.13152946438
596 568 0.156204993518
446 544 0.155241746963
112 76 0.167630546142
700 425 0.183575597507
295 920 0.10295630141
659 136 0.152970585408
308 559 0.120415945788
468 293 0.169705627485
592 436 0.0707106781187
588 276 0.13152946438
275 625 0.067082039325
549 559 0.164924225025
671 734 0.11313708499
106 36 0.120415945788
604 384 0.165529453572
884 512 0.121655250606
907 92 0.11401754251
556 363 0.104403065089
271 191 0.0640312423743
252 1010 0.13152946438
406 892 0.110453610172
675 865 0.11313708499
955 322 0.0316227766017
786 278 0.162788205961
317 1042 0.022360679775
475 1081 0.172626765016
987 1046 0.1
868 671 0.161245154966
951 139 0.107703296143
378 583 0.136014705087
363 749 0.183575597507
31 113 0.0509901951359
973 813 0.161554944214
415 782 0.07
909 853 0.0538516480713
938 218 0.04472135955
525 666 0.05
183 175 0.161554944214
253 911 0.18
1005 927 0.0721110255093
980 603 0.0989949493661
658 999 0.120415945788
571 364 0.160312195419
815 525 0.02
347 227 0.13
478 18 0.0424264068712
364 571 0.160312195419
149 185 0.16
697 952 0.110453610172
499 1068 0.1
994 1012 0.143178210633
35 433 0.067082039325
938 369 0.13152946438
362 442 0.101980390272
959 191 0.0761577310586
473 1084 0.165529453572
236 335 0.177200451467
1033 91 0.116619037897
567 872 0.156204993518
776 0 0.022360679775
674 1033 0.174642491966
713 53 0.141421356237
342 661 0.161245154966
298 161 0.107703296143
145 670 0.151327459504
982 226 0.136014705087
214 997 0.161245154966
852 60 0.111803398875
882 178 0.158113883008
969 325 0.136014705087
1059 1064 0.0905538513814
473 324 0.183847763108
8 670 0.134536240471
249 999 0.0583095189485
242 314 0.0707106781187
197 974 0.0707106781187
432 409 0.183847763108
325 8 0.17
46 1020 0.134536240471
872 494 0.0921954445729
995 1023 0.1
386 809 0.02
797 445 0.170880074906
58 185 0.111803398875
645 941 0.167630546142
979 697 0.0848528137424
184 1017 0.143178210633
325 1062 0.177200451467
749 697 0.0424264068712
742 314 0.0583095189485
196 1081 0.11401754251
552 41 0.140356688476
826 1022 0.162788205961
647 155 0.180277563773
756 505 0.15
943 587 0.067082039325
486 196 0.17
1051 695 0.152970585408
916 409 0.145602197786
685 69 0.080622577483
577 487 0.170880074906
36 649 0.110453610172
438 71 0.107703296143
700 140 0.127279220614
678 809 0.174642491966
533 46 0.0854400374532
76 223 0.120415945788
530 81 0.0632455532034
872 328 0.17
862 543 0.141421356237
179 784 0.13
272 1072 0.117046999107
726 797 0.11401754251
820 355 0.180277563773
936 457 0.143178210633
329 274 0.101980390272
194 1002 0.143178210633
140 700 0.127279220614
732 545 0.11313708499
123 693 0.11401754251
936 1045 0.120415945788
543 344 0.11401754251
832 783 0.158113883008
671 1009 0.169705627485
288 767 0.11
263 339 0.165529453572
274 503 0.147648230602
253 606 0.10295630141
832 97 0.128062484749
340 815 0.162788205961
741 1020 0.0728010988928
1050 633 0.156524758425
627 401 0.101980390272
936 823 0.156204993518
351 832 0.164012194669
682 1070 0.11401754251
858 920 0.0640312423743
742 511 0.125299640861
1030 581 0.161245154966
227 993 0.170293863659
121 993 0.126491106407
1066 548 0.0860232526704
476 330 0.0848528137424
813 401 0.148660687473
516 924 0.161245154966
1008 228 0.0860232526704
200 429 0.0360555127546
128 430 0.160312195419
398 429 0.121655250606
1035 438 0.125299640861
837 112 0.09
505 756 0.15
169 84 0.0854400374532
577 179 0.13152946438
138 239 0.136014705087
342 29 0.151327459504
1061 605 0.116619037897
802 502 0.11401754251
906 633 0.18
618 520 0.111803398875
457 98 0.17
192 847 0.13
843 517 0.136014705087
349 1019 0.170293863659
736 195 0.183575597507
114 626 0.098488578018
338 1048 0.134536240471
497 356 0.155563491861
121 298 0.130384048104
122 96 0.180277563773
549 664 0.122065556157
835 746 0.164924225025
584 389 0.152643375225
968 416 0.174642491966
986 43 0.0943398113206
891 78 0.04472135955
683 660 0.120415945788
412 227 0.11
957 134 0.06
152 190 0.10295630141
691 1071 0.130384048104
183 244 0.0905538513814
706 308 0.180277563773
832 351 0.164012194669
776 156 0.125299640861
431 1029 0.180277563773
738 994 0.152315462117
222 242 0.0921954445729
879 738 0.182482875909
511 721 0.10295630141
200 1069 0.0360555127546
484 318 0.160312195419
891 314 0.104403065089
268 537 0.120415945788
713 78 0.181107702763
385 459 0.0989949493661
162 569 0.170293863659
1068 843 0.17
494 923 0.162788205961
541 512 0.0905538513814
770 807 0.080622577483
233 181 0.161245154966
859 877 0.120830459736
566 933 0.152643375225
946 201 0.098488578018
1074 493 0.152643375225
923 494 0.162788205961
439 368 0.0948683298051
549 570 0.156204993518
457 156 0.11313708499
392 365 0.18
142 277 0.158113883008
274 434 0.0860232526704
875 21 0.111803398875
882 993 0.170880074906
147 110 0.156524758425
967 583 0.172626765016
1075 1082 0.156204993518
928 38 0.098488578018
277 142 0.158113883008
735 367 0.106301458127
445 248 0.134536240471
384 678 0.152643375225
521 868 0.181107702763
67 845 0.0640312423743
365 734 0.05
393 67 0.0921954445729
349 1037 0.0854400374532
518 1068 0.152643375225
502 625 0.0316227766017
762 418 0.136014705087
212 430 0.11401754251
1010 69 0.164012194669
1068 514 0.158113883008
106 943 0.156524758425
846 685 0.177200451467
475 196 0.156204993518
881 233 0.178044938148
283 818 0.128062484749
946 986 0.1
157 551 0.136014705087
122 1017 0.161245154966
768 24 0.152970585408
429 154 0.067082039325
259 1033 0.136014705087
1011 103 0.0538516480713
896 986 0.180277563773
836 808 0.17691806013
982 40 0.174642491966
1017 122 0.161245154966
24 833 0.183847763108
325 160 0.134536240471
717 856 0.0921954445729
0 989 0.162788205961
31 811 0.0728010988928
808 721 0.183575597507
424 286 0.123693168769
140 588 0.104403065089
731 202 0.152970585408
989 0 0.162788205961
544 826 0.155241746963
549 2 0.11
487 179 0.0854400374532
936 776 0.12
455 118 0.155241746963
179 577 0.13152946438
690 140 0.166433169771
43 862 0.130384048104
413 454 0.18
111 268 0.0854400374532
1012 738 0.106301458127
969 880 0.152315462117
421 858 0.0948683298051
662 306 0.162788205961
1038 657 0.120830459736
1081 101 0.158113883008
223 960 0.11401754251
911 100 0.106301458127
853 196 0.17
773 75 0.13
205 183 0.130384048104
240 351 0.111803398875
64 223 0.16
101 103 0.1788854382
233 881 0.178044938148
559 321 0.183575597507
255 322 0.182482875909
709 958 0.134536240471
651 35 0.117046999107
860 372 0.0640312423743
1081 189 0.134536240471
362 797 0.178044938148
185 348 0.134536240471
694 892 0.0921954445729
412 779 0.181107702763
671 113 0.130384048104
449 301 0.156524758425
150 582 0.172626765016
58 457 0.17691806013
362 896 0.101980390272
53 645 0.11
678 561 0.177200451467
901 354 0.0632455532034
148 329 0.144222051019
321 634 0.0632455532034
328 256 0.1788854382
230 441 0.133416640641
68 365 0.120830459736
525 340 0.15
343 516 0.174928556845
658 614 0.125299640861
87 259 0.0728010988928
477 82 0.145602197786
658 623 0.123693168769
807 789 0.138924439895
776 982 0.158113883008
899 376 0.116619037897
126 603 0.183847763108
156 936 0.125299640861
1062 201 0.0316227766017
29 342 0.151327459504
43 503 0.152970585408
885 958 0.07
414 921 0.0707106781187
634 487 0.04
406 486 0.128062484749
53 675 0.174642491966
535 258 0.148660687473
1030 782 0.07
604 11 0.177200451467
286 442 0.125299640861
148 434 0.172626765016
205 244 0.0632455532034
256 48 0.111803398875
625 521 0.180277563773
1029 134 0.117046999107
347 298 0.0538516480713
1005 396 0.162788205961
252 685 0.117046999107
1018 199 0.0538516480713
233 862 0.111803398875
497 296 0.161554944214
209 1054 0.17
1075 68 0.11401754251
428 265 0.126491106407
552 1031 0.1788854382
420 999 0.13
860 239 0.06
779 880 0.172046505341
1036 854 0.11401754251
160 8 0.11401754251
106 587 0.0894427191
1053 932 0.138924439894
655 492 0.161554944214
170 1045 0.0921954445729
233 726 0.165529453572
899 319 0.148660687473
121 874 0.170293863659
406 548 0.136014705087
296 258 0.0538516480713
983 547 0.122065556157
399 598 0.111803398875
570 559 0.0721110255093
103 101 0.1788854382
328 923 0.106301458127
36 106 0.120415945788
47 19 0.02
891 742 0.13152946438
824 1072 0.169705627485
664 39 0.171172427686
503 43 0.152970585408
198 640 0.164012194669
854 128 0.139283882772
108 253 0.164012194669
875 460 0.177200451467
1008 421 0.134536240471
30 566 0.145602197786
586 879 0.170293863659
822 826 0.136014705087
858 245 0.128062484749
875 787 0.0948683298051
510 133 0.141421356237
623 98 0.101980390272
97 262 0.140356688476
609 782 0.0707106781187
200 154 0.1
749 282 0.162788205961
912 38 0.170880074906
784 321 0.0848528137424
804 158 0.104403065089
1067 196 0.13416407865
525 598 0.155563491861
648 1074 0.161245154966
605 611 0.11401754251
277 915 0.172626765016
103 1011 0.0538516480713
317 1044 0.134536240471
97 351 0.05
313 139 0.123693168769
785 438 0.117046999107
259 654 0.108166538264
448 857 0.181107702763
1033 1052 0.136014705087
235 382 0.166433169771
94 307 0.181107702763
817 90 0.11401754251
300 81 0.140356688476
152 249 0.148660687473
521 625 0.180277563773
306 471 0.0848528137424
9 424 0.0316227766017
652 542 0.138924439895
830 144 0.166433169771
384 459 0.180277563773
329 942 0.148660687473
36 39 0.0860232526704
684 620 0.116619037897
315 166 0.171172427686
1062 160 0.0943398113206
335 236 0.177200451467
745 445 0.0282842712475
913 81 0.0989949493661
203 417 0.11
865 161 0.181107702763
200 736 0.170293863659
731 66 0.164012194669
355 291 0.171172427686
986 946 0.1
377 179 0.121655250606
356 603 0.164012194669
884 47 0.0921954445729
348 158 0.17
530 163 0.0707106781187
209 44 0.10295630141
167 89 0.174642491966
295 245 0.111803398875
884 838 0.106301458127
71 1035 0.022360679775
960 64 0.170293863659
344 233 0.162788205961
957 1029 0.174642491966
714 1042 0.156204993518
862 986 0.0360555127546
868 68 0.162788205961
865 5 0.098488578018
453 382 0.0921954445729
228 197 0.148660687473
1069 1063 0.110453610172
649 579 0.104403065089
474 244 0.126491106407
5 227 0.180277563773
829 14 0.0781024967591
51 927 0.127279220614
519 747 0.100498756211
896 178 0.16
663 1025 0.170880074906
322 192 0.161245154966
879 112 0.128062484749
300 530 0.174642491966
664 399 0.174642491966
179 634 0.123693168769
644 1063 0.156524758425
258 890 0.0538516480713
3 315 0.133416640641
694 342 0.110453610172
181 442 0.122065556157
1029 931 0.152970585408
444 759 0.152315462117
941 338 0.10295630141
572 901 0.126491106407
1056 657 0.125299640861
735 632 0.182482875909
677 890 0.148660687473
736 200 0.170293863659
654 805 0.122065556157
816 431 0.11401754251
672 326 0.123693168769
1006 160 0.130384048104
958 1031 0.122065556157
337 502 0.120415945788
9 454 0.11401754251
986 454 0.0921954445729
454 413 0.18
649 61 0.144222051019
668 40 0.165529453572
908 259 0.142126704036
446 441 0.142126704036
636 936 0.130384048104
565 362 0.0583095189485
941 891 0.116619037897
139 285 0.156524758425
892 29 0.0509901951359
95 157 0.106301458127
847 192 0.13
565 9 0.0860232526704
118 654 0.110453610172
310 768 0.098488578018
583 509 0.152970585408
139 313 0.123693168769
967 880 0.140356688476
805 1033 0.067082039325
549 598 0.17691806013
21 875 0.111803398875
736 545 0.161245154966
979 282 0.17691806013
275 922 0.122065556157
454 178 0.0905538513814
238 479 0.178044938148
822 557 0.0640312423743
689 601 0.174642491966
150 159 0.0707106781187
326 672 0.123693168769
389 220 0.0894427191
140 690 0.166433169771
890 327 0.100498756211
147 60 0.164012194669
213 85 0.172046505341
137 49 0.170293863659
876 952 0.13
484 911 0.111803398875
181 286 0.130384048104
538 475 0.05
39 587 0.09
703 726 0.172046505341
413 496 0.181107702763
196 694 0.04472135955
690 700 0.05
1033 87 0.155563491861
1047 191 0.107703296143
832 493 0.152970585408
989 823 0.130384048104
32 697 0.170293863659
804 576 0.180277563773
862 178 0.133416640641
989 852 0.170880074906
435 453 0.0948683298051
487 559 0.156524758425
822 441 0.080622577483
626 176 0.170293863659
446 223 0.117046999107
456 185 0.0707106781187
923 1023 0.1
511 100 0.0721110255093
882 1062 0.164924225025
85 213 0.172046505341
235 104 0.141421356237
908 293 0.177200451467
101 475 0.128062484749
579 649 0.104403065089
400 202 0.106301458127
1048 78 0.171172427686
651 866 0.138924439895
389 584 0.152643375225
496 424 0.161245154966
685 846 0.177200451467
999 249 0.0583095189485
576 1075 0.174642491966
174 542 0.136014705087
460 1029 0.0728010988928
226 349 0.161245154966
1074 262 0.0707106781186
593 764 0.160312195419
851 1068 0.142126704036
223 441 0.0728010988928
452 449 0.171172427686
233 882 0.123693168769
1054 44 0.143178210633
900 662 0.0412310562562
787 134 0.120830459736
881 178 0.170293863659
962 284 0.170293863659
696 230 0.141421356237
38 928 0.098488578018
592 313 0.0632455532034
271 503 0.17
1067 538 0.111803398875
55 462 0.148660687473
329 949 0.136014705087
1026 60 0.0282842712475
228 1008 0.0860232526704
609 309 0.15
680 459 0.183847763108
561 467 0.15
874 882 0.155563491861
957 374 0.0894427191
701 752 0.1
306 1001 0.138924439895
94 146 0.160312195419
289 569 0.158113883008
1022 352 0.169705627485
286 862 0.111803398875
565 233 0.111803398875
513 387 0.123693168769
1010 57 0.107703296143
330 84 0.18
191 862 0.18
90 817 0.11401754251
118 972 0.120415945788
1052 998 0.174928556845
365 576 0.106301458127
295 136 0.171172427686
241 708 0.1788854382
494 567 0.140356688476
269 968 0.161554944214
68 1075 0.11401754251
726 9 0.171172427686
234 376 0.0943398113206
624 328 0.0509901951359
645 46 0.170293863659
39 621 0.127279220614
970 573 0.151327459504
1031 813 0.08
783 240 0.0860232526704
137 77 0.125299640861
240 493 0.177200451467
878 417 0.182482875909
485 626 0.130384048104
120 151 0.01
68 734 0.0781024967591
189 1067 0.122065556157
242 891 0.0943398113206
706 340 0.170880074906
798 622 0.0989949493661
178 726 0.136014705087
59 324 0.155241746963
235 190 0.0707106781187
453 190 0.156204993518
659 678 0.182482875909
156 226 0.155563491861
136 605 0.0860232526704
880 949 0.165529453572
156 58 0.0640312423743
688 406 0.1
114 1007 0.10295630141
795 3 0.158113883008
109 370 0.126491106407
1023 328 0.0728010988928
88 308 0.152970585408
46 675 0.165529453572
631 305 0.13
227 5 0.180277563773
398 545 0.167630546142
934 346 0.0989949493661
785 632 0.120415945788
207 858 0.155241746963
768 183 0.136014705087
745 355 0.0824621125124
735 591 0.0583095189485
262 1074 0.0707106781186
308 487 0.0632455532034
625 502 0.0316227766017
1055 688 0.0761577310586
206 1000 0.170880074906
754 752 0.0905538513814
842 369 0.0360555127546
968 269 0.161554944214
999 98 0.152315462117
722 25 0.0509901951359
952 363 0.13
920 1044 0.140356688476
802 922 0.165529453572
148 521 0.141421356237
204 876 0.170880074906
965 382 0.133416640641
690 638 0.156204993518
489 886 0.170880074906
714 317 0.134536240471
53 72 0.148660687473
584 220 0.17
15 911 0.05
588 613 0.167630546142
736 75 0.116619037897
354 878 0.172046505341
985 860 0.140356688476
797 745 0.161245154966
722 256 0.126491106407
787 460 0.11313708499
178 896 0.16
196 406 0.134536240471
780 1074 0.080622577483
953 1080 0.177200451467
582 589 0.0316227766017
332 642 0.0707106781187
188 148 0.141421356237
29 661 0.0412310562562
36 570 0.177200451467
629 468 0.060827625303
367 107 0.0781024967591
688 1055 0.0761577310586
591 367 0.05
805 297 0.165529453572
502 275 0.0921954445729
559 340 0.150332963784
1001 662 0.0509901951359
886 991 0.152970585408
979 363 0.138924439895
743 378 0.180277563773
829 770 0.13416407865
29 406 0.107703296143
178 862 0.133416640641
882 862 0.0824621125124
1081 29 0.161554944214
43 201 0.156204993518
302 916 0.156204993518
28 1063 0.17
1081 475 0.172626765016
542 246 0.174642491966
491 18 0.0583095189485
1000 206 0.170880074906
921 35 0.162788205961
99 1017 0.162788205961
345 593 0.0728010988928
889 72 0.152315462117
308 88 0.152970585408
874 227 0.1788854382
113 365 0.134536240471
566 743 0.13
853 612 0.11401754251
36 587 0.167630546142
565 881 0.164924225025
490 625 0.0860232526704
696 879 0.104403065089
406 189 0.11401754251
892 406 0.110453610172
1074 832 0.174642491966
6 103 0.150332963784
879 499 0.141421356237
986 862 0.0360555127546
252 846 0.060827625303
941 53 0.170880074906
340 598 0.022360679775
857 448 0.181107702763
457 614 0.160312195419
809 386 0.02
416 75 0.13152946438
342 1021 0.116619037897
434 148 0.172626765016
1084 934 0.0894427191
1020 46 0.134536240471
48 82 0.171172427686
8 949 0.04472135955
9 882 0.170293863659
178 881 0.170293863659
909 189 0.0943398113206
6 840 0.104403065089
748 349 0.165529453572
619 924 0.133416640641
406 774 0.177200451467
424 178 0.0707106781187
602 1036 0.0860232526704
851 1012 0.11401754251
1022 544 0.0707106781187
661 196 0.0860232526704
706 579 0.151327459504
517 843 0.136014705087
40 479 0.0509901951359
995 624 0.108166538264
1068 518 0.152643375225
424 362 0.130384048104
169 659 0.09
838 19 0.150332963784
155 553 0.161245154966
949 942 0.170880074906
6 101 0.165529453572
698 719 0.0316227766017
511 314 0.108166538264
172 110 0.11
2 39 0.120415945788
1062 874 0.158113883008
13 788 0.170880074906
9 862 0.165529453572
420 614 0.067082039325
386 385 0.17
587 36 0.167630546142
442 687 0.170293863659
768 988 0.067082039325
1047 862 0.172046505341
140 309 0.123693168769
737 804 0.0509901951359
625 337 0.136014705087
14 247 0.174642491966
940 1058 0.170293863659
434 503 0.161245154966
1050 260 0.067082039325
998 1033 0.13152946438
0 156 0.10295630141
386 678 0.156524758425
364 350 0.0854400374532
779 138 0.162788205961
994 1068 0.09
720 988 0.0948683298051
190 115 0.161245154966
221 595 0.05
286 9 0.098488578018
304 315 0.126491106407
670 145 0.151327459504
321 340 0.180277563773
100 314 0.17691806013
995 730 0.110453610172
822 544 0.142126704036
354 572 0.141421356237
427 514 0.141421356237
334 1062 0.0360555127546
297 805 0.165529453572
543 201 0.11401754251
936 479 0.182482875909
377 577 0.0412310562562
795 1044 0.0728010988928
326 550 0.160312195419
399 579 0.134536240471
165 251 0.0640312423743
631 618 0.111803398875
748 1019 0.0632455532034
972 118 0.120415945788
324 816 0.138924439895
467 561 0.15
77 413 0.166433169771
404 714 0.162788205961
99 96 0.161245154966
663 322 0.15
174 1010 0.158113883008
446 557 0.1
615 1073 0.10295630141
69 685 0.080622577483
936 989 0.0905538513814
274 670 0.0948683298051
661 1081 0.161245154966
292 353 0.11401754251
82 477 0.145602197786
184 510 0.121655250606
743 933 0.139283882772
624 1023 0.120415945788
725 643 0.139283882772
346 934 0.0989949493661
788 217 0.120415945788
900 1001 0.05
1009 31 0.06
658 115 0.10295630141
950 1079 0.162788205961
433 866 0.111803398875
886 82 0.10295630141
942 329 0.148660687473
272 526 0.15
286 233 0.0707106781187
115 98 0.080622577483
399 88 0.0781024967591
58 456 0.067082039325
936 636 0.130384048104
836 253 0.125299640861
876 204 0.170880074906
6 342 0.116619037897
277 520 0.134536240471
236 235 0.183847763108
677 888 0.0583095189485
324 356 0.150332963784
262 97 0.140356688476
879 76 0.0943398113206
370 109 0.126491106407
581 309 0.126491106407
457 658 0.141421356237
327 535 0.164012194669
1055 548 0.022360679775
399 706 0.13416407865
1016 866 0.171172427686
598 340 0.022360679775
570 88 0.123693168769
454 362 0.130384048104
374 931 0.104403065089
409 302 0.164924225025
207 924 0.0854400374532
923 872 0.0707106781187
417 878 0.182482875909
66 731 0.164012194669
43 271 0.0360555127546
424 9 0.0316227766017
4 301 0.13416407865
1067 853 0.143178210633
662 92 0.13152946438
102 531 0.15
104 316 0.120415945788
997 844 0.152315462117
490 692 0.110453610172
172 0 0.17
815 666 0.0640312423743
199 1018 0.0538516480713
851 715 0.0282842712475
657 102 0.130384048104
736 464 0.155241746963
960 822 0.142126704036
920 228 0.0632455532034
224 953 0.0894427191
148 191 0.183847763108
879 586 0.170293863659
112 64 0.0894427191
949 503 0.111803398875
758 411 0.0707106781187
595 275 0.0948683298051
578 829 0.148660687473
238 939 0.116619037897
94 1070 0.143178210633
804 113 0.15
671 576 0.1
520 277 0.134536240471
1027 1002 0.0721110255093
477 939 0.182482875909
837 1068 0.140356688476
755 921 0.158113883008
25 256 0.172626765016
623 185 0.134536240471
385 817 0.150332963784
338 533 0.158113883008
304 1044 0.166433169771
46 645 0.170293863659
1055 774 0.0282842712475
503 274 0.147648230602
347 72 0.0640312423743
1063 28 0.17
144 16 0.05
205 1034 0.172046505341
446 826 0.08
245 1044 0.0948683298051
960 557 0.080622577483
218 369 0.098488578018
983 977 0.180277563773
734 113 0.10295630141
854 430 0.162788205961
274 329 0.101980390272
240 832 0.0824621125124
264 411 0.134536240471
64 960 0.170293863659
647 899 0.155241746963
582 638 0.147648230602
874 1062 0.158113883008
973 627 0.110453610172
268 285 0.10295630141
114 485 0.0728010988928
282 979 0.17691806013
762 339 0.17
535 785 0.0412310562562
362 1047 0.120830459736
293 468 0.169705627485
181 896 0.148660687473
664 36 0.13
1078 569 0.117046999107
486 189 0.150332963784
61 106 0.0781024967591
75 773 0.13
109 428 0.165529453572
988 24 0.182482875909
589 159 0.158113883008
909 612 0.160312195419
872 567 0.156204993518
551 157 0.136014705087
993 882 0.170880074906
767 590 0.107703296143
304 920 0.139283882772
982 1045 0.136014705087
1008 541 0.0943398113206
227 298 0.0824621125124
441 557 0.110453610172
1066 774 0.060827625303
28 398 0.148660687473
569 1078 0.117046999107
603 356 0.164012194669
349 149 0.1
372 969 0.060827625303
181 178 0.125299640861
145 434 0.13
972 1033 0.080622577483
892 909 0.13
113 671 0.130384048104
773 1069 0.158113883008
813 627 0.167630546142
1007 114 0.10295630141
253 836 0.125299640861
49 53 0.164012194669
1052 377 0.172046505341
461 400 0.080622577483
529 899 0.17
478 491 0.02
43 986 0.0943398113206
25 489 0.174928556845
496 9 0.183847763108
170 226 0.13
770 157 0.120415945788
13 217 0.17
703 9 0.123693168769
121 865 0.0583095189485
853 909 0.0538516480713
329 503 0.0948683298051
662 900 0.0412310562562
1047 565 0.172046505341
784 377 0.156524758425
191 442 0.177200451467
693 123 0.11401754251
726 959 0.148660687473
693 337 0.10295630141
223 64 0.16
1007 294 0.111803398875
327 785 0.127279220614
959 1047 0.0761577310586
720 183 0.130384048104
776 457 0.0360555127546
148 188 0.141421356237
985 743 0.08
1029 431 0.180277563773
648 760 0.12
874 993 0.0707106781187
808 15 0.100498756211
174 1084 0.150332963784
80 928 0.170880074906
382 435 0.125299640861
726 442 0.03
448 578 0.0707106781187
654 87 0.0707106781187
455 1052 0.0583095189485
41 732 0.136014705087
395 620 0.177200451467
692 625 0.0721110255093
248 745 0.138924439894
558 397 0.111803398875
247 731 0.0921954445729
106 621 0.152643375225
509 933 0.164924225025
909 486 0.0921954445729
490 693 0.080622577483
249 190 0.060827625303
64 557 0.174642491966
713 1048 0.0412310562562
32 845 0.0943398113206
464 968 0.122065556157
743 969 0.136014705087
361 768 0.143178210633
694 661 0.0509901951359
969 239 0.164924225025
601 689 0.174642491966
623 658 0.123693168769
487 515 0.136014705087
363 697 0.143178210633
890 535 0.12
31 215 0.155241746963
952 979 0.177200451467
321 559 0.183575597507
534 60 0.161245154966
909 406 0.0412310562562
436 313 0.10295630141
527 94 0.11313708499
927 73 0.08
452 875 0.183847763108
567 668 0.106301458127
729 1045 0.111803398875
147 823 0.107703296143
818 786 0.0860232526704
945 301 0.10295630141
614 457 0.160312195419
298 227 0.0824621125124
991 567 0.148660687473
126 174 0.0921954445729
728 142 0.161245154966
836 484 0.11401754251
586 738 0.022360679775
1055 853 0.172626765016
862 9 0.165529453572
198 911 0.0360555127546
1031 552 0.1788854382
220 584 0.17
1023 995 0.1
46 713 0.120415945788
72 121 0.164924225025
972 863 0.11313708499
993 121 0.126491106407
1026 852 0.123693168769
362 181 0.09
900 92 0.152315462117
36 2 0.0781024967591
934 1084 0.0894427191
145 274 0.138924439895
1062 986 0.174642491966
275 987 0.152970585408
348 215 0.13416407865
1081 196 0.11401754251
158 576 0.18
53 713 0.141421356237
886 256 0.145602197786
566 583 0.140356688476
663 955 0.17691806013
589 690 0.164924225025
871 790 0.02
778 418 0.0640312423743
787 875 0.0948683298051
1017 184 0.143178210633
496 413 0.181107702763
189 694 0.060827625303
826 822 0.136014705087
205 450 0.116619037897
960 1012 0.158113883008
874 344 0.121655250606
323 1053 0.111803398875
603 126 0.183847763108
223 696 0.136014705087
1044 795 0.0728010988928
892 661 0.05
369 218 0.098488578018
178 9 0.04472135955
896 442 0.04
1009 671 0.169705627485
511 15 0.152315462117
836 198 0.0583095189485
800 423 0.152643375225
175 589 0.126491106407
612 1067 0.178044938148
72 49 0.150332963784
880 985 0.148660687473
503 329 0.0948683298051
113 804 0.15
191 896 0.139283882772
1048 46 0.08
40 668 0.165529453572
314 222 0.120415945788
813 552 0.16
5 347 0.101980390272
179 321 0.060827625303
400 439 0.182482875909
1047 987 0.1788854382
757 735 0.136014705087
961 393 0.155241746963
715 427 0.161245154966
863 805 0.156204993518
333 688 0.170293863659
134 931 0.080622577483
507 435 0.143178210633
164 905 0.180277563773
1037 1045 0.162788205961
1060 364 0.181107702763
48 25 0.17
895 769 0.0943398113206
1047 896 0.0316227766017
100 911 0.106301458127
175 129 0.156524758425
726 1047 0.080622577483
654 297 0.05
368 731 0.141421356237
316 235 0.180277563773
741 1048 0.152970585408
1067 909 0.121655250606
989 636 0.121655250606
389 784 0.172626765016
658 249 0.080622577483
300 647 0.0921954445729
158 392 0.106301458127
146 527 0.120415945788
39 579 0.098488578018
226 748 0.158113883008
61 621 0.0761577310586
311 86 0.067082039325
320 847 0.126491106407
46 533 0.0854400374532
330 136 0.152315462117
215 98 0.121655250606
633 127 0.172046505341
982 185 0.174642491966
1067 694 0.1788854382
595 521 0.11401754251
856 57 0.0824621125124
623 982 0.147648230602
363 952 0.13
664 88 0.121655250606
715 879 0.174928556845
487 377 0.180277563773
498 473 0.171172427686
1021 661 0.156204993518
424 454 0.116619037897
649 587 0.161554944214
868 521 0.181107702763
973 401 0.0141421356237
888 677 0.0583095189485
868 1075 0.05
226 456 0.0316227766017
741 137 0.174928556845
671 1075 0.162788205961
46 941 0.0943398113206
738 1012 0.106301458127
376 647 0.166433169771
733 73 0.0989949493661
557 960 0.080622577483
43 959 0.172046505341
159 589 0.158113883008
172 636 0.1
31 1009 0.06
97 240 0.0632455532034
559 549 0.164924225025
994 427 0.0854400374532
340 525 0.15
932 323 0.0761577310586
514 427 0.141421356237
545 736 0.161245154966
286 362 0.0412310562562
1072 272 0.117046999107
986 271 0.11401754251
502 693 0.122065556157
675 5 0.0412310562562
50 112 0.170293863659
611 476 0.13416407865
785 497 0.04
699 997 0.155241746963
690 588 0.170293863659
569 626 0.10295630141
688 774 0.0905538513814
938 1000 0.0316227766017
497 535 0.05
579 39 0.098488578018
922 595 0.0412310562562
66 869 0.125299640861
274 949 0.0921954445729
609 1030 0.13
755 270 0.141421356237
946 1062 0.100498756211
688 612 0.170293863659
96 99 0.161245154966
404 116 0.117046999107
106 61 0.0781024967591
337 490 0.060827625303
647 81 0.0509901951359
960 223 0.11401754251
39 664 0.171172427686
677 327 0.110453610172
76 1012 0.155241746963
21 926 0.174928556845
1025 255 0.116619037897
200 1063 0.143178210633
221 625 0.1
479 989 0.180277563773
949 160 0.130384048104
319 899 0.148660687473
541 304 0.0781024967591
922 521 0.122065556157
751 459 0.0943398113206
0 776 0.022360679775
98 999 0.152315462117
126 934 0.143178210633
325 138 0.155563491861
773 545 0.123693168769
949 670 0.125299640861
58 156 0.0640312423743
537 895 0.120415945788
956 320 0.180277563773
1061 604 0.172046505341
514 1068 0.158113883008
438 1035 0.125299640861
245 476 0.128062484749
64 76 0.120415945788
315 3 0.133416640641
275 502 0.0921954445729
125 596 0.140356688476
699 82 0.161245154966
456 623 0.148660687473
188 271 0.0728010988928
1075 868 0.05
576 737 0.148660687473
961 697 0.0565685424949
750 1016 0.108166538264
221 521 0.0921954445729
888 107 0.147648230602
961 952 0.158113883008
1030 609 0.13
348 804 0.0707106781187
625 922 0.0707106781186
183 988 0.0824621125124
286 454 0.0921954445729
296 438 0.170293863659
1023 923 0.1
330 1042 0.172046505341
226 729 0.134536240471
932 562 0.120415945788
868 434 0.152970585408
1075 576 0.174642491966
78 242 0.108166538264
538 1021 0.13
40 1037 0.122065556157
1044 315 0.182482875909
976 904 0.11
315 304 0.126491106407
670 942 0.111803398875
985 325 0.164924225025
476 1061 0.127279220614
180 802 0.0583095189485
729 1037 0.1
259 297 0.0721110255093
476 245 0.128062484749
160 201 0.0921954445729
649 549 0.170880074906
15 484 0.161245154966
882 946 0.067082039325
20 685 0.140356688476
253 352 0.174928556845
402 528 0.100498756211
888 535 0.160312195419
756 800 0.06
271 987 0.174642491966
8 329 0.180277563773
991 256 0.0707106781187
626 569 0.10295630141
989 479 0.180277563773
716 955 0.155241746963
675 121 0.139283882772
75 429 0.098488578018
742 222 0.171172427686
527 281 0.136014705087
802 490 0.110453610172
275 490 0.117046999107
200 644 0.1
484 253 0.0943398113206
999 190 0.0412310562562
852 989 0.170880074906
256 722 0.126491106407
81 530 0.0632455532034
678 84 0.060827625303
329 8 0.180277563773
624 256 0.142126704036
567 991 0.148660687473
351 1019 0.172626765016
511 484 0.1
533 53 0.1
1066 333 0.162788205961
1081 840 0.162788205961
507 215 0.14
785 677 0.101980390272
215 1009 0.098488578018
993 227 0.170293863659
939 477 0.182482875909
136 169 0.161554944214
559 308 0.120415945788
4 945 0.0761577310586
793 852 0.1788854382
58 149 0.178044938148
46 49 0.110453610172
39 106 0.0412310562562
621 943 0.0848528137424
936 982 0.0905538513814
629 220 0.142126704036
784 577 0.128062484749
739 970 0.143178210633
486 1067 0.0781024967591
968 464 0.122065556157
43 1047 0.172626765016
868 734 0.128062484749
49 137 0.170293863659
557 76 0.10295630141
987 188 0.10295630141
484 836 0.11401754251
983 167 0.143178210633
368 461 0.145602197786
436 592 0.0707106781187
690 582 0.170293863659
516 343 0.174928556845
347 865 0.0921954445729
797 442 0.098488578018
1044 404 0.162788205961
9 286 0.098488578018
454 946 0.120415945788
913 319 0.158113883008
611 330 0.06
1004 695 0.133416640641
201 503 0.158113883008
794 16 0.160312195419
616 727 0.182482875909
737 576 0.148660687473
869 66 0.125299640861
8 325 0.17
858 541 0.158113883008
600 1005 0.169705627485
511 198 0.14
156 185 0.152970585408
443 878 0.125299640861
