58 31 0.141421356237
15 12 0.60811183182
71 30 0.65306967469
76 100 0.580517010948
94 79 0.322490309932
12 109 0.471699056603
67 17 0.313847096529
89 64 0.596824932455
5 48 0.570350769264
102 104 0.152643375225
12 4 0.661891229735
44 86 0.532353266168
32 52 0.152315462117
84 6 0.361247837364
22 108 0.312409987036
3 24 0.123693168769
57 18 0.559732078766
15 109 0.600083327547
42 48 0.53310411741
18 5 0.518652099196
71 93 0.460108682813
26 49 0.232594066992
11 42 0.6341135545
43 62 0.611310068623
95 21 0.280713376952
25 63 0.338378486314
32 71 0.315753068077
62 57 0.361247837364
4 27 0.388329756779
29 89 0.344093010682
98 16 0.284429253067
101 85 0.164012194669
58 85 0.446542271235
6 17 0.545618914628
88 33 0.0632455532034
20 81 0.610982814816
86 77 0.657647321898
111 33 0.600832755432
76 104 0.658634952003
12 15 0.60811183182
21 91 0.260768096208
23 71 0.543415126768
110 46 0.272029410175
67 58 0.661286624695
5 3 0.555787729264
74 5 0.37483329628
36 67 0.373363094052
46 86 0.424499705536
24 15 0.202484567313
100 76 0.580517010948
97 3 0.414366987102
34 37 0.662419806467
54 96 0.62096698785
90 45 0.248394846967
78 34 0.430116263352
31 57 0.361247837364
70 104 0.517880295049
109 3 0.626258732474
99 80 0.402616442784
71 32 0.315753068077
58 5 0.572013985843
46 110 0.272029410175
9 73 0.0989949493661
60 62 0.664830805544
52 78 0.367695526217
79 7 0.15
13 83 0.585234995536
17 84 0.528015151298
30 2 0.394588393139
0 105 0.396610640301
36 70 0.411096095822
43 24 0.441474801093
110 26 0.511077293567
70 67 0.495176736126
78 22 0.487031826475
111 85 0.120415945788
93 71 0.460108682813
18 58 0.172626765016
39 82 0.404598566483
0 108 0.449444101085
94 45 0.582408791142
60 109 0.05
92 15 0.452216762184
97 62 0.500399840128
86 54 0.630317380373
105 13 0.366196668472
92 113 0.631268564083
104 31 0.502891638427
110 96 0.642572953057
22 0 0.461735855225
48 70 0.61400325732
15 60 0.640312423743
96 110 0.642572953057
97 113 0.630713881249
3 99 0.57008771255
90 96 0.194164878389
36 17 0.545618914628
11 24 0.517880295049
31 104 0.502891638427
69 45 0.643272881443
35 59 0.662872536767
71 37 0.489182992345
16 84 0.338378486314
28 6 0.30083217913
18 33 0.603738353925
42 113 0.522015325446
92 60 0.241867732449
32 93 0.25179356624
53 90 0.335261092285
59 35 0.662872536767
48 100 0.22360679775
55 40 0.60207972894
24 99 0.508035431835
29 64 0.559464029228
102 70 0.640078120232
43 15 0.635688603013
27 12 0.380131556175
19 3 0.361386219992
75 37 0.47539457296
20 82 0.100498756211
75 78 0.493355855342
52 32 0.152315462117
100 97 0.37483329628
88 16 0.228473193176
81 39 0.300166620396
53 46 0.367695526217
63 25 0.338378486314
62 11 0.56
24 57 0.332415402772
15 92 0.452216762184
97 24 0.530848377599
85 107 0.623939099592
50 29 0.54083269132
24 31 0.286356421266
79 39 0.186815416923
43 100 0.411825205639
7 39 0.152315462117
78 108 0.477074417675
97 12 0.290172362571
57 5 0.352278299076
11 27 0.411460812229
94 39 0.148660687473
3 104 0.449444101085
46 49 0.162788205961
0 52 0.395979797464
3 97 0.414366987102
109 15 0.600083327547
5 31 0.452548339959
24 5 0.613514466007
56 55 0.467546789102
39 69 0.136014705087
49 26 0.232594066992
17 98 0.493963561409
102 35 0.61400325732
32 23 0.506951674225
9 77 0.607289058028
62 104 0.161554944214
110 86 0.631981012373
99 48 0.596824932455
83 34 0.241867732449
11 100 0.406078810085
113 15 0.626258732474
31 62 0.664078308635
38 13 0.524309069157
92 11 0.067082039325
78 37 0.331360830516
81 45 0.446542271235
104 15 0.631585306986
62 74 0.180277563773
60 4 0.643506021728
11 15 0.407921561087
15 58 0.552268050859
88 98 0.322024843762
48 3 0.101980390272
64 68 0.660302960769
17 6 0.545618914628
113 76 0.534883164813
39 20 0.34205262753
110 44 0.141421356237
86 113 0.645135644652
50 68 0.660378679244
82 39 0.404598566483
63 88 0.595482997238
81 79 0.398246155035
15 42 0.325729949498
69 7 0.261725046566
76 3 0.600832755432
25 98 0.400249921924
105 22 0.290688837075
26 80 0.363593179254
91 95 0.170880074906
12 92 0.29
4 60 0.643506021728
111 70 0.626258732474
100 3 0.244131112315
48 109 0.525547333739
24 111 0.649384323802
12 43 0.662193325246
28 25 0.133416640641
71 52 0.262488094968
27 102 0.558659108939
40 55 0.60207972894
101 111 0.265706605112
37 30 0.284604989415
50 64 0.622655603042
25 67 0.192093727123
20 69 0.460108682813
48 24 0.220227155455
34 22 0.142126704036
27 104 0.610573500899
62 102 0.0282842712475
11 109 0.219317121995
62 35 0.610737259384
99 46 0.644437739429
16 28 0.399624824054
57 92 0.396988664826
76 48 0.499799959984
70 88 0.651459898996
108 34 0.174928556845
5 57 0.352278299076
28 67 0.294108823397
24 18 0.50219518118
67 36 0.373363094052
99 87 0.547083174664
19 101 0.506359556047
0 13 0.0316227766017
110 49 0.343656805549
86 26 0.28319604517
67 16 0.550090901579
33 84 0.360693775937
26 77 0.449110231458
97 102 0.521536192416
88 70 0.651459898996
100 92 0.382099463491
6 84 0.361247837364
91 76 0.624259561401
70 111 0.626258732474
67 18 0.49244289009
24 104 0.545618914628
101 58 0.60440052945
43 57 0.394461658466
11 62 0.56
43 111 0.627694193059
111 101 0.265706605112
98 88 0.322024843762
30 0 0.625139984324
41 26 0.579827560573
86 44 0.532353266168
84 88 0.394081209905
76 62 0.655209890035
62 3 0.587962583844
3 15 0.200249843945
63 10 0.423792402008
57 24 0.332415402772
45 81 0.446542271235
105 78 0.424381903478
109 11 0.219317121995
104 102 0.152643375225
94 69 0.0761577310586
38 22 0.55542776308
17 28 0.256124969497
22 105 0.290688837075
24 70 0.522015325446
57 43 0.394461658466
25 88 0.308706980809
90 46 0.661211010193
28 88 0.25
37 32 0.430116263352
52 30 0.394461658466
6 88 0.0894427191
1 9 0.110453610172
12 57 0.301496268634
26 46 0.241660919472
52 37 0.298328677804
31 15 0.487647413609
28 33 0.276586333719
92 57 0.396988664826
63 28 0.471274866718
37 34 0.662419806467
85 101 0.164012194669
70 62 0.660681466366
22 34 0.142126704036
57 27 0.655133574166
35 74 0.465295604965
100 24 0.347131099154
99 3 0.57008771255
42 99 0.101980390272
100 48 0.22360679775
81 96 0.5
47 66 0.0905538513814
24 97 0.530848377599
19 85 0.403112887415
93 32 0.25179356624
100 19 0.569385633819
21 109 0.550726792521
26 87 0.130384048104
84 98 0.0721110255093
18 3 0.559016994375
27 109 0.319061122671
17 63 0.296141857899
89 29 0.344093010682
19 48 0.455411901469
42 11 0.6341135545
3 43 0.456508488421
104 70 0.517880295049
64 50 0.622655603042
75 83 0.388973006776
45 69 0.643272881443
98 6 0.29206163733
97 92 0.01
99 24 0.508035431835
109 12 0.471699056603
67 25 0.192093727123
104 74 0.311448230048
69 20 0.460108682813
62 70 0.660681466366
83 108 0.375898922584
98 10 0.460108682813
62 12 0.212132034356
67 84 0.604069532422
97 76 0.206155281281
12 104 0.234307490277
0 22 0.461735855225
11 60 0.247386337537
111 19 0.443846820423
92 62 0.500899191455
16 88 0.228473193176
85 19 0.403112887415
57 58 0.500099990002
67 33 0.384707681233
105 34 0.148660687473
109 100 0.608769250209
19 18 0.473814309619
111 88 0.60415229868
86 42 0.408044115262
18 100 0.578705451849
70 63 0.61400325732
36 43 0.480416485979
48 27 0.664830805544
42 86 0.408044115262
13 0 0.0316227766017
97 109 0.234307490277
48 11 0.306757233004
19 15 0.357351367704
57 97 0.389486841883
76 97 0.206155281281
109 113 0.523927475897
20 39 0.34205262753
27 48 0.664830805544
21 95 0.280713376952
6 28 0.30083217913
5 58 0.572013985843
15 11 0.407921561087
108 105 0.0538516480713
104 48 0.423792402008
22 37 0.65192024052
99 86 0.370540146273
10 98 0.460108682813
31 36 0.65
60 27 0.272946881279
84 17 0.528015151298
21 76 0.578013840665
68 64 0.660302960769
0 83 0.604069532422
78 30 0.602992537267
3 31 0.332415402772
15 97 0.442718872424
49 87 0.104403065089
65 47 0.136014705087
6 98 0.29206163733
54 26 0.479270278653
16 25 0.502493781056
11 57 0.418688428309
22 38 0.55542776308
69 81 0.286356421266
51 106 0.158113883008
9 1 0.110453610172
3 109 0.626258732474
113 42 0.522015325446
3 19 0.361386219992
16 111 0.604648658313
76 91 0.624259561401
104 27 0.610573500899
92 97 0.01
59 66 0.0894427191
6 10 0.58463663929
105 83 0.373363094052
53 49 0.460977222865
48 92 0.322490309932
98 67 0.54083269132
0 78 0.0282842712475
92 76 0.198494332413
33 67 0.384707681233
13 38 0.524309069157
46 53 0.367695526217
7 81 0.445533388199
92 102 0.522398315464
44 110 0.141421356237
16 98 0.284429253067
5 104 0.233452350599
78 75 0.493355855342
43 5 0.335410196625
88 18 0.560802995712
3 62 0.587962583844
53 110 0.121655250606
41 106 0.636003144646
60 11 0.247386337537
97 100 0.37483329628
111 24 0.649384323802
18 6 0.613269924258
68 50 0.660378679244
102 11 0.580344725142
80 99 0.402616442784
43 67 0.580517010948
62 48 0.543783044973
4 34 0.59908263203
19 111 0.443846820423
59 47 0.0860232526704
6 67 0.411825205639
67 88 0.322490309932
22 78 0.487031826475
83 75 0.388973006776
73 9 0.0989949493661
12 27 0.380131556175
3 100 0.244131112315
12 74 0.381182371051
37 38 0.304138126515
39 7 0.152315462117
10 28 0.284429253067
57 31 0.361247837364
100 57 0.02
62 60 0.664830805544
78 13 0.0583095189485
58 101 0.60440052945
35 65 0.615873363607
48 62 0.543783044973
19 57 0.552268050859
52 23 0.623698645181
76 109 0.0282842712475
90 110 0.45607017004
11 12 0.351283361405
27 92 0.360555127546
98 33 0.29
44 53 0.234093998214
0 71 0.361247837364
25 84 0.452769256907
88 10 0.532353266168
48 5 0.570350769264
86 46 0.424499705536
102 27 0.558659108939
10 88 0.532353266168
43 70 0.0860232526704
26 41 0.579827560573
18 67 0.49244289009
79 20 0.222036033112
45 94 0.582408791142
33 16 0.165529453572
64 89 0.596824932455
102 3 0.590338885726
59 65 0.05
10 17 0.136014705087
43 18 0.191049731745
60 76 0.060827625303
2 30 0.394588393139
27 62 0.530377224247
48 18 0.648151216924
44 54 0.104403065089
95 103 0.52
33 111 0.600832755432
18 48 0.648151216924
37 0 0.350142828
84 16 0.338378486314
33 98 0.29
82 20 0.100498756211
48 42 0.53310411741
13 37 0.38
18 31 0.226715680975
10 6 0.58463663929
49 80 0.410487515035
25 17 0.172626765016
66 59 0.0894427191
104 76 0.658634952003
33 25 0.355105618091
15 113 0.626258732474
11 97 0.0632455532034
6 111 0.588727441181
86 49 0.29
25 6 0.38275318418
0 38 0.506063237155
80 113 0.541294744109
55 56 0.467546789102
44 26 0.375765884561
75 0 0.481040538832
46 87 0.150332963784
0 30 0.625139984324
98 17 0.493963561409
11 48 0.306757233004
31 12 0.66
98 28 0.266833281283
19 70 0.565685424949
86 110 0.631981012373
34 38 0.630317380373
45 53 0.572450871254
100 31 0.381182371051
27 57 0.655133574166
35 4 0.592368128785
13 75 0.483321838944
34 105 0.148660687473
76 27 0.314006369362
12 48 0.406078810085
34 108 0.174928556845
74 57 0.526307894678
0 75 0.481040538832
100 11 0.406078810085
109 57 0.623698645181
15 57 0.420594816896
32 30 0.440454310911
85 111 0.120415945788
85 24 0.630079360081
81 82 0.644980619864
62 31 0.664078308635
113 91 0.550090901579
83 13 0.585234995536
46 77 0.622655603042
49 110 0.343656805549
102 5 0.303644529014
76 60 0.060827625303
88 67 0.322490309932
18 36 0.52810983706
44 90 0.540370243444
81 94 0.210237960416
36 63 0.269072480941
88 17 0.47759815745
31 19 0.338378486314
103 23 0.499799959984
47 65 0.136014705087
48 31 0.42201895692
74 12 0.381182371051
76 57 0.595482997238
87 110 0.399249295554
13 34 0.377359245282
37 2 0.44598206242
5 24 0.613514466007
23 32 0.506951674225
6 33 0.0282842712475
48 102 0.550726792521
48 97 0.312569992162
105 0 0.396610640301
31 85 0.57706152185
37 71 0.489182992345
57 74 0.526307894678
17 67 0.313847096529
76 12 0.44598206242
44 49 0.245153013443
31 3 0.332415402772
0 37 0.350142828
104 3 0.449444101085
83 0 0.604069532422
36 25 0.524690384894
108 13 0.418807831827
43 48 0.528015151298
42 24 0.480104155366
48 15 0.210950231097
49 44 0.245153013443
84 33 0.360693775937
30 52 0.394461658466
25 10 0.262488094968
82 81 0.644980619864
12 102 0.235372045919
45 54 0.664078308635
22 13 0.443846820423
102 48 0.550726792521
79 81 0.398246155035
62 5 0.328937684068
10 33 0.560892146495
7 20 0.198494332413
11 104 0.522015325446
13 22 0.443846820423
17 33 0.518941229813
88 111 0.60415229868
22 83 0.143178210633
19 43 0.506951674225
2 38 0.28
58 19 0.301496268634
10 25 0.262488094968
66 47 0.0905538513814
92 104 0.47539457296
13 30 0.656201188661
23 52 0.623698645181
70 102 0.640078120232
28 16 0.399624824054
18 104 0.65
67 10 0.435660418216
12 11 0.351283361405
46 99 0.644437739429
52 0 0.395979797464
104 100 0.20591260282
32 13 0.567274184147
3 92 0.424264068712
58 24 0.353836120259
45 90 0.248394846967
70 5 0.35902646142
101 19 0.506359556047
53 87 0.506951674225
104 92 0.47539457296
99 15 0.385875627631
85 18 0.540370243444
54 49 0.340587727319
20 94 0.49040799341
58 67 0.661286624695
16 17 0.654599113962
43 19 0.506951674225
70 57 0.474341649025
67 43 0.580517010948
34 4 0.59908263203
107 101 0.490306026885
3 102 0.590338885726
22 75 0.310161248385
77 41 0.225610283454
44 80 0.6506919394
71 13 0.37483329628
57 104 0.216333076528
76 11 0.193132079158
38 83 0.653911308971
113 97 0.630713881249
58 48 0.532259335287
77 1 0.499799959984
48 43 0.528015151298
109 92 0.226715680975
100 15 0.427200187266
92 12 0.29
38 75 0.269258240357
26 99 0.616846820532
100 18 0.578705451849
113 92 0.631268564083
12 100 0.281602556807
12 3 0.478852795753
54 45 0.664078308635
26 110 0.511077293567
65 35 0.615873363607
78 83 0.629682459657
33 28 0.276586333719
77 26 0.449110231458
95 91 0.170880074906
1 73 0.196977156036
28 10 0.284429253067
71 23 0.543415126768
97 15 0.442718872424
60 48 0.553624421427
108 0 0.449444101085
96 90 0.194164878389
93 52 0.400249921924
60 12 0.460651712251
49 42 0.565862174032
24 58 0.353836120259
24 100 0.347131099154
96 53 0.523927475897
5 43 0.335410196625
99 113 0.611310068623
31 18 0.226715680975
53 26 0.609261848469
88 25 0.308706980809
11 102 0.580344725142
62 100 0.346554469023
107 68 0.297321374946
3 76 0.600832755432
88 28 0.25
97 57 0.389486841883
24 11 0.517880295049
110 53 0.121655250606
46 54 0.23769728648
62 27 0.530377224247
75 2 0.528866712887
49 99 0.482700735446
0 32 0.540370243444
87 54 0.378549864615
75 22 0.310161248385
54 53 0.13
84 10 0.476340214553
102 57 0.360693775937
63 36 0.269072480941
100 27 0.635609943283
54 44 0.104403065089
25 36 0.524690384894
15 104 0.631585306986
33 88 0.0632455532034
46 90 0.661211010193
76 92 0.198494332413
12 62 0.212132034356
44 87 0.274590604355
73 1 0.196977156036
5 12 0.466904701197
54 86 0.630317380373
5 36 0.459673797382
109 97 0.234307490277
30 78 0.602992537267
108 75 0.588727441181
18 43 0.191049731745
30 93 0.640780773744
19 58 0.301496268634
35 62 0.610737259384
10 63 0.423792402008
88 84 0.394081209905
88 63 0.595482997238
101 107 0.490306026885
5 70 0.35902646142
79 69 0.322800247831
87 80 0.388329756779
7 94 0.296816441593
68 107 0.297321374946
32 37 0.430116263352
57 76 0.595482997238
80 42 0.41
109 91 0.59640590205
11 3 0.408044115262
102 92 0.522398315464
94 81 0.210237960416
60 3 0.655209890035
36 28 0.651229606207
87 77 0.572800139665
67 70 0.495176736126
102 62 0.0282842712475
48 19 0.455411901469
23 103 0.499799959984
48 104 0.423792402008
70 18 0.166433169771
78 52 0.367695526217
26 44 0.375765884561
43 104 0.460434577329
71 78 0.340147027034
54 87 0.378549864615
113 11 0.57008771255
3 60 0.655209890035
87 53 0.506951674225
27 60 0.272946881279
16 33 0.165529453572
48 12 0.406078810085
83 105 0.373363094052
15 100 0.427200187266
62 43 0.611310068623
58 18 0.172626765016
41 77 0.225610283454
88 6 0.0894427191
28 36 0.651229606207
60 100 0.620080639917
27 100 0.635609943283
30 37 0.284604989415
62 92 0.500899191455
58 15 0.552268050859
67 28 0.294108823397
70 100 0.490917508345
104 11 0.522015325446
94 7 0.296816441593
31 102 0.65192024052
15 48 0.210950231097
49 53 0.460977222865
113 109 0.523927475897
37 75 0.47539457296
3 42 0.52172789843
25 16 0.502493781056
33 10 0.560892146495
100 102 0.347131099154
57 15 0.420594816896
75 38 0.269258240357
38 0 0.506063237155
96 54 0.62096698785
90 53 0.335261092285
32 78 0.512249938995
70 3 0.542033209315
53 54 0.13
105 108 0.0538516480713
43 3 0.456508488421
97 27 0.37
105 4 0.481663783152
0 34 0.402243707222
43 36 0.480416485979
3 70 0.542033209315
97 104 0.471699056603
14 61 0.04472135955
24 3 0.123693168769
5 100 0.355105618091
109 48 0.525547333739
24 92 0.54083269132
42 19 0.483735464898
32 0 0.540370243444
36 31 0.65
54 110 0.07
28 98 0.266833281283
24 12 0.599332962551
43 58 0.248394846967
27 11 0.411460812229
110 54 0.07
96 81 0.5
18 57 0.559732078766
12 76 0.44598206242
49 46 0.162788205961
74 35 0.465295604965
1 77 0.499799959984
69 94 0.0761577310586
80 46 0.537587202229
13 108 0.418807831827
58 100 0.520096144958
19 31 0.338378486314
75 108 0.588727441181
40 56 0.36235341864
48 76 0.499799959984
19 99 0.461735855225
83 38 0.653911308971
43 31 0.171172427686
65 59 0.05
106 41 0.636003144646
30 13 0.656201188661
43 12 0.662193325246
25 28 0.133416640641
18 111 0.460977222865
30 38 0.447772263545
20 7 0.198494332413
4 12 0.661891229735
27 76 0.314006369362
34 78 0.430116263352
75 13 0.483321838944
3 58 0.434165866922
104 62 0.161554944214
28 84 0.320624390838
99 42 0.101980390272
80 87 0.388329756779
79 82 0.246981780705
53 96 0.523927475897
99 49 0.482700735446
76 21 0.578013840665
93 23 0.311126983722
10 67 0.435660418216
113 60 0.567978872847
35 102 0.61400325732
70 58 0.28231188427
60 21 0.532541078228
57 109 0.623698645181
100 109 0.608769250209
70 24 0.522015325446
28 63 0.471274866718
31 70 0.241867732449
82 7 0.277308492477
109 27 0.319061122671
104 18 0.65
97 48 0.312569992162
48 60 0.553624421427
53 44 0.234093998214
74 62 0.180277563773
18 85 0.540370243444
38 30 0.447772263545
29 50 0.54083269132
113 80 0.541294744109
99 26 0.616846820532
100 62 0.346554469023
58 111 0.40162171256
38 78 0.503289181286
15 43 0.635688603013
92 24 0.54083269132
5 74 0.37483329628
5 102 0.303644529014
33 6 0.0282842712475
27 4 0.388329756779
57 60 0.636003144646
100 70 0.490917508345
60 92 0.241867732449
53 45 0.572450871254
91 113 0.550090901579
96 45 0.0583095189485
67 63 0.286006992921
57 12 0.301496268634
37 78 0.331360830516
60 15 0.640312423743
3 18 0.559016994375
91 21 0.260768096208
61 14 0.04472135955
57 3 0.233238075794
44 46 0.13416407865
60 97 0.250599281723
100 58 0.520096144958
77 87 0.572800139665
94 20 0.49040799341
80 49 0.410487515035
49 54 0.340587727319
98 25 0.400249921924
87 42 0.620080639917
16 6 0.139283882772
26 86 0.28319604517
76 113 0.534883164813
69 79 0.322800247831
111 58 0.40162171256
76 15 0.580086200491
86 87 0.278567765544
104 5 0.233452350599
100 12 0.281602556807
36 5 0.459673797382
92 109 0.226715680975
13 71 0.37483329628
11 113 0.57008771255
31 5 0.452548339959
4 108 0.434165866922
86 99 0.370540146273
24 42 0.480104155366
5 18 0.518652099196
70 31 0.241867732449
96 94 0.626258732474
46 26 0.241660919472
2 37 0.44598206242
100 74 0.514003891036
19 100 0.569385633819
37 13 0.38
92 3 0.424264068712
82 69 0.532541078228
58 3 0.434165866922
109 60 0.05
3 12 0.478852795753
78 32 0.512249938995
48 58 0.532259335287
37 52 0.298328677804
42 80 0.41
54 90 0.44283179651
13 32 0.567274184147
31 111 0.541202365109
7 79 0.15
74 104 0.311448230048
10 84 0.476340214553
62 76 0.655209890035
6 16 0.139283882772
33 17 0.518941229813
60 113 0.567978872847
4 35 0.592368128785
15 76 0.580086200491
90 54 0.44283179651
58 70 0.28231188427
94 96 0.626258732474
74 102 0.17
25 33 0.355105618091
34 83 0.241867732449
24 85 0.630079360081
38 34 0.630317380373
17 25 0.172626765016
19 42 0.483735464898
103 95 0.52
98 84 0.0721110255093
49 86 0.29
30 71 0.65306967469
17 88 0.47759815745
75 105 0.550363516233
109 76 0.0282842712475
102 31 0.65192024052
65 66 0.120415945788
46 44 0.13416407865
34 75 0.417612260356
64 29 0.559464029228
42 87 0.620080639917
31 48 0.42201895692
15 31 0.487647413609
111 31 0.541202365109
113 86 0.645135644652
111 43 0.627694193059
15 19 0.357351367704
91 60 0.600333240792
23 93 0.311126983722
8 112 0.141421356237
69 82 0.532541078228
19 24 0.23769728648
6 18 0.613269924258
108 83 0.375898922584
85 31 0.57706152185
92 48 0.322490309932
33 18 0.603738353925
97 11 0.0632455532034
62 97 0.500399840128
81 7 0.445533388199
99 19 0.461735855225
104 12 0.234307490277
11 92 0.067082039325
45 96 0.0583095189485
110 90 0.45607017004
57 19 0.552268050859
3 57 0.233238075794
100 60 0.620080639917
82 94 0.552268050859
42 3 0.52172789843
48 57 0.220907220344
13 78 0.0583095189485
111 6 0.588727441181
87 86 0.278567765544
110 87 0.399249295554
113 99 0.611310068623
52 38 0.60207972894
57 48 0.220907220344
105 75 0.550363516233
31 24 0.286356421266
80 44 0.6506919394
18 24 0.50219518118
2 75 0.528866712887
39 81 0.300166620396
36 18 0.52810983706
87 26 0.130384048104
60 91 0.600333240792
63 17 0.296141857899
109 21 0.550726792521
12 24 0.599332962551
102 74 0.17
39 79 0.186815416923
15 99 0.385875627631
57 70 0.474341649025
26 54 0.479270278653
60 57 0.636003144646
58 43 0.248394846967
27 74 0.631347764707
18 19 0.473814309619
17 16 0.654599113962
92 27 0.360555127546
69 39 0.136014705087
27 97 0.37
18 88 0.560802995712
15 3 0.200249843945
12 97 0.290172362571
31 100 0.381182371051
31 43 0.171172427686
102 97 0.521536192416
57 100 0.02
83 78 0.629682459657
102 100 0.347131099154
58 57 0.500099990002
63 33 0.654369925959
93 30 0.640780773744
33 63 0.654369925959
70 48 0.61400325732
58 104 0.642884126418
52 71 0.262488094968
3 11 0.408044115262
77 46 0.622655603042
11 76 0.193132079158
52 13 0.424499705536
5 62 0.328937684068
108 78 0.477074417675
100 104 0.20591260282
80 86 0.121655250606
12 5 0.466904701197
52 93 0.400249921924
17 36 0.545618914628
104 24 0.545618914628
78 0 0.0282842712475
63 67 0.286006992921
83 22 0.143178210633
112 8 0.141421356237
70 36 0.411096095822
7 82 0.277308492477
24 43 0.441474801093
12 31 0.66
70 19 0.565685424949
38 37 0.304138126515
6 25 0.38275318418
38 2 0.28
24 48 0.220227155455
108 22 0.312409987036
31 58 0.141421356237
67 98 0.54083269132
3 5 0.555787729264
42 15 0.325729949498
39 94 0.148660687473
102 43 0.593043000127
57 102 0.360693775937
81 20 0.610982814816
13 52 0.424499705536
46 80 0.537587202229
74 27 0.631347764707
56 40 0.36235341864
18 70 0.166433169771
38 52 0.60207972894
57 11 0.418688428309
104 58 0.642884126418
13 105 0.366196668472
71 0 0.361247837364
86 80 0.121655250606
16 67 0.550090901579
90 44 0.540370243444
107 85 0.623939099592
17 10 0.136014705087
79 94 0.322490309932
104 57 0.216333076528
104 43 0.460434577329
47 59 0.0860232526704
106 51 0.158113883008
74 100 0.514003891036
57 62 0.361247837364
91 109 0.59640590205
15 24 0.202484567313
87 44 0.274590604355
94 82 0.552268050859
70 43 0.0860232526704
80 26 0.363593179254
28 17 0.256124969497
3 48 0.101980390272
84 67 0.604069532422
37 22 0.65192024052
24 19 0.23769728648
21 27 0.622655603042
84 25 0.452769256907
63 70 0.61400325732
30 32 0.440454310911
97 60 0.250599281723
111 16 0.604648658313
66 65 0.120415945788
54 46 0.23769728648
104 97 0.471699056603
34 13 0.377359245282
78 38 0.503289181286
48 99 0.596824932455
100 5 0.355105618091
92 100 0.382099463491
26 53 0.609261848469
87 99 0.547083174664
34 0 0.402243707222
87 49 0.104403065089
82 79 0.246981780705
4 105 0.481663783152
85 58 0.446542271235
27 21 0.622655603042
78 105 0.424381903478
77 9 0.607289058028
75 34 0.417612260356
81 69 0.286356421266
43 102 0.593043000127
111 18 0.460977222865
87 46 0.150332963784
42 49 0.565862174032
77 86 0.657647321898
12 60 0.460651712251
78 71 0.340147027034
21 60 0.532541078228
102 12 0.235372045919
20 79 0.222036033112
7 69 0.261725046566
67 6 0.411825205639
84 28 0.320624390838
100 43 0.411825205639
108 4 0.434165866922
