76 100 0.580517010948
15 113 0.626258732474
67 17 0.313847096529
18 16 0.718401002226
32 52 0.152315462117
43 48 0.528015151298
57 18 0.559732078766
92 99 0.786002544525
62 57 0.361247837364
4 27 0.388329756779
98 16 0.284429253067
18 25 0.668879660328
66 36 0.796303962065
19 97 0.760591874792
5 3 0.555787729264
33 101 0.826075057123
97 3 0.414366987102
78 34 0.430116263352
72 61 0.769025357189
97 21 0.782304288624
105 38 0.735527021937
46 110 0.272029410175
9 73 0.0989949493661
79 7 0.15
2 22 0.830240928888
60 102 0.690796641567
108 35 0.814002456999
49 42 0.565862174032
17 84 0.528015151298
15 60 0.640312423743
36 70 0.411096095822
71 37 0.489182992345
23 52 0.623698645181
32 93 0.25179356624
58 99 0.759275970909
53 107 0.694622199472
55 40 0.60207972894
24 99 0.508035431835
27 12 0.380131556175
4 102 0.732461603089
52 32 0.152315462117
100 97 0.37483329628
15 92 0.452216762184
9 46 0.768960337079
99 31 0.760591874792
85 107 0.623939099592
35 62 0.610737259384
44 42 0.784920378128
11 27 0.411460812229
3 97 0.414366987102
39 69 0.136014705087
58 3 0.434165866922
62 104 0.161554944214
99 48 0.596824932455
97 76 0.206155281281
11 100 0.406078810085
38 13 0.524309069157
92 48 0.322490309932
13 38 0.524309069157
77 73 0.696419413859
11 15 0.407921561087
99 111 0.821340367935
48 3 0.101980390272
86 113 0.645135644652
63 88 0.595482997238
106 80 0.788733161468
81 79 0.398246155035
76 3 0.600832755432
1 87 0.783900503891
105 22 0.290688837075
91 95 0.170880074906
12 92 0.29
111 70 0.626258732474
6 101 0.808949936646
71 52 0.262488094968
27 3 0.762364742102
25 67 0.192093727123
20 69 0.460108682813
48 24 0.220227155455
26 86 0.28319604517
62 109 0.680073525437
11 109 0.219317121995
31 101 0.729451848993
46 1 0.727804918917
47 74 0.820548596976
36 100 0.778973683766
16 28 0.399624824054
108 34 0.174928556845
70 15 0.718679344353
27 91 0.778781098897
57 27 0.655133574166
43 111 0.627694193059
52 23 0.623698645181
30 0 0.625139984324
113 60 0.567978872847
22 37 0.65192024052
62 36 0.768439978138
38 22 0.55542776308
45 81 0.446542271235
93 37 0.680294054068
28 88 0.25
15 70 0.718679344353
73 9 0.0989949493661
20 7 0.198494332413
85 101 0.164012194669
74 60 0.810246875958
11 74 0.732461603089
35 74 0.465295604965
100 24 0.347131099154
37 83 0.784920378128
27 76 0.314006369362
100 48 0.22360679775
13 93 0.788923316933
19 104 0.754320886626
19 85 0.403112887415
93 32 0.25179356624
105 71 0.682641926635
104 70 0.517880295049
109 12 0.471699056603
12 76 0.44598206242
69 20 0.460108682813
46 41 0.793095202356
98 10 0.460108682813
79 82 0.246981780705
100 109 0.608769250209
16 88 0.228473193176
85 19 0.403112887415
105 34 0.148660687473
111 88 0.60415229868
86 42 0.408044115262
18 100 0.578705451849
97 109 0.234307490277
57 97 0.389486841883
20 39 0.34205262753
5 58 0.572013985843
16 63 0.816088230524
10 98 0.460108682813
24 62 0.693541635376
35 108 0.814002456999
3 31 0.332415402772
49 87 0.104403065089
65 47 0.136014705087
6 98 0.29206163733
58 6 0.72422372234
76 24 0.708307842679
44 53 0.234093998214
110 96 0.642572953057
33 85 0.718401002226
16 111 0.604648658313
51 113 0.731641988954
13 83 0.585234995536
36 10 0.68
77 87 0.572800139665
33 67 0.384707681233
31 11 0.720694109869
17 98 0.493963561409
31 74 0.787718223732
35 47 0.74404300951
10 88 0.532353266168
97 74 0.671192967782
18 67 0.49244289009
58 101 0.60440052945
76 109 0.0282842712475
18 36 0.52810983706
99 101 0.734302390027
4 21 0.760065786626
0 71 0.361247837364
96 110 0.642572953057
48 5 0.570350769264
33 16 0.165529453572
96 44 0.711969100453
10 17 0.136014705087
27 62 0.530377224247
77 86 0.657647321898
83 0 0.604069532422
66 59 0.0894427191
108 37 0.765375724726
25 6 0.38275318418
113 21 0.72124891681
44 26 0.375765884561
71 103 0.782623792125
30 93 0.640780773744
10 63 0.423792402008
86 110 0.631981012373
100 31 0.381182371051
12 48 0.406078810085
31 36 0.65
57 70 0.474341649025
103 91 0.690796641567
62 31 0.664078308635
83 13 0.585234995536
20 81 0.610982814816
11 99 0.726704891961
102 48 0.550726792521
44 90 0.540370243444
36 63 0.269072480941
38 34 0.630317380373
87 110 0.399249295554
13 34 0.377359245282
6 33 0.0282842712475
48 97 0.312569992162
19 5 0.771038261048
31 33 0.824924238946
76 12 0.44598206242
84 50 0.775241897733
54 80 0.75
22 13 0.443846820423
62 3 0.587962583844
108 52 0.840238061504
10 25 0.262488094968
92 104 0.47539457296
42 109 0.761577310586
44 9 0.794292137692
43 97 0.78006409993
67 10 0.435660418216
113 76 0.534883164813
58 12 0.80024996095
22 4 0.718679344353
51 91 0.726154253585
22 105 0.290688837075
11 58 0.837735041645
76 11 0.193132079158
74 4 0.711196175468
36 62 0.768439978138
88 111 0.60415229868
92 102 0.522398315464
57 31 0.361247837364
67 31 0.704911341943
93 52 0.400249921924
55 56 0.467546789102
70 63 0.61400325732
53 26 0.609261848469
88 25 0.308706980809
57 74 0.526307894678
97 57 0.389486841883
110 53 0.121655250606
61 14 0.04472135955
75 2 0.528866712887
92 4 0.742428447731
56 55 0.467546789102
99 15 0.385875627631
63 36 0.269072480941
25 36 0.524690384894
12 35 0.74404300951
12 62 0.212132034356
73 1 0.196977156036
5 19 0.771038261048
18 43 0.191049731745
44 86 0.532353266168
88 84 0.394081209905
11 21 0.769415362467
87 41 0.710211236183
32 37 0.430116263352
49 54 0.340587727319
36 28 0.651229606207
70 18 0.166433169771
102 35 0.61400325732
16 6 0.139283882772
42 3 0.52172789843
48 12 0.406078810085
83 105 0.373363094052
58 18 0.172626765016
41 77 0.225610283454
3 15 0.200249843945
27 57 0.655133574166
33 58 0.720069441096
67 28 0.294108823397
68 101 0.690507060065
33 10 0.560892146495
57 15 0.420594816896
75 38 0.269258240357
38 0 0.506063237155
96 54 0.62096698785
36 74 0.740945342114
90 53 0.335261092285
109 62 0.680073525437
86 15 0.733757453114
110 80 0.753259583411
95 60 0.740270220933
101 16 0.790569415042
93 13 0.788923316933
70 16 0.837257427557
76 4 0.693541635376
100 42 0.752728370662
39 45 0.718679344353
42 19 0.483735464898
33 31 0.824924238946
27 11 0.411460812229
85 110 0.817435012707
2 32 0.805294977012
101 31 0.729451848993
57 92 0.396988664826
49 101 0.801124210095
18 111 0.460977222865
36 58 0.684470598346
4 97 0.75133215025
75 13 0.483321838944
113 3 0.787718223732
70 3 0.542033209315
113 97 0.630713881249
99 49 0.482700735446
58 97 0.83486525859
60 21 0.532541078228
38 30 0.447772263545
84 63 0.786447709641
5 11 0.738241153012
85 42 0.794040301244
53 87 0.506951674225
91 113 0.550090901579
60 48 0.553624421427
63 84 0.786447709641
44 46 0.13416407865
60 97 0.250599281723
2 78 0.737902432575
48 18 0.648151216924
76 15 0.580086200491
43 36 0.480416485979
100 12 0.281602556807
92 109 0.226715680975
24 42 0.480104155366
93 23 0.311126983722
42 76 0.751531769122
46 26 0.241660919472
100 74 0.514003891036
71 34 0.737360156233
15 43 0.635688603013
54 90 0.44283179651
74 104 0.311448230048
45 39 0.718679344353
25 33 0.355105618091
3 11 0.408044115262
63 6 0.68249542123
49 86 0.29
58 33 0.720069441096
46 44 0.13416407865
42 87 0.620080639917
91 60 0.600333240792
93 78 0.738241153012
70 62 0.660681466366
31 57 0.361247837364
25 18 0.668879660328
43 24 0.441474801093
104 12 0.234307490277
85 15 0.75709972923
45 96 0.0583095189485
13 78 0.0583095189485
42 110 0.823468275042
21 92 0.773886296558
52 38 0.60207972894
13 4 0.798310716451
36 18 0.52810983706
18 24 0.50219518118
39 79 0.186815416923
15 99 0.385875627631
87 53 0.506951674225
58 43 0.248394846967
37 105 0.711688133946
70 104 0.517880295049
27 97 0.37
18 88 0.560802995712
85 68 0.78006409993
83 78 0.629682459657
102 100 0.347131099154
93 30 0.640780773744
33 63 0.654369925959
48 109 0.525547333739
108 78 0.477074417675
100 104 0.20591260282
80 86 0.121655250606
52 93 0.400249921924
78 0 0.0282842712475
23 103 0.499799959984
83 22 0.143178210633
74 11 0.732461603089
38 37 0.304138126515
109 4 0.692964645563
32 13 0.567274184147
54 107 0.802122185206
71 75 0.822009732302
27 35 0.776466354712
98 84 0.0721110255093
81 20 0.610982814816
3 43 0.456508488421
13 105 0.366196668472
71 0 0.361247837364
86 80 0.121655250606
34 78 0.430116263352
58 102 0.790569415042
70 43 0.0860232526704
85 24 0.630079360081
3 111 0.764198926982
30 32 0.440454310911
97 60 0.250599281723
66 65 0.120415945788
104 97 0.471699056603
48 99 0.596824932455
81 7 0.445533388199
44 1 0.771038261048
85 43 0.688839603972
43 102 0.593043000127
87 46 0.150332963784
12 60 0.460651712251
104 58 0.642884126418
21 60 0.532541078228
70 67 0.495176736126
20 79 0.222036033112
7 69 0.261725046566
4 105 0.481663783152
90 44 0.540370243444
58 11 0.837735041645
94 79 0.322490309932
12 109 0.471699056603
5 48 0.570350769264
74 31 0.787718223732
15 109 0.600083327547
42 60 0.810246875958
55 73 0.823468275042
29 89 0.344093010682
5 97 0.693541635376
101 111 0.265706605112
5 35 0.828733974204
21 91 0.260768096208
46 96 0.822982381342
92 5 0.698355210477
46 86 0.424499705536
42 11 0.6341135545
90 45 0.248394846967
92 62 0.500899191455
111 15 0.800562302385
102 11 0.580344725142
0 105 0.396610640301
97 11 0.0632455532034
78 22 0.487031826475
66 74 0.731095069057
67 58 0.661286624695
85 3 0.751065909225
11 97 0.0632455532034
58 16 0.809506022214
105 13 0.366196668472
4 0 0.829759001156
27 108 0.800562302385
16 70 0.837257427557
11 24 0.517880295049
92 31 0.720902212509
35 66 0.680147042925
48 100 0.22360679775
29 64 0.559464029228
43 15 0.635688603013
86 41 0.710211236183
75 83 0.388973006776
99 57 0.801124210095
81 39 0.300166620396
100 99 0.80956778592
7 39 0.152315462117
97 12 0.290172362571
101 49 0.801124210095
24 5 0.613514466007
97 5 0.693541635376
44 99 0.692026011072
62 97 0.500399840128
62 74 0.180277563773
58 88 0.686804193348
17 6 0.545618914628
39 20 0.34205262753
82 39 0.404598566483
15 42 0.325729949498
27 21 0.622655603042
100 3 0.244131112315
110 107 0.746525284234
31 42 0.75133215025
27 102 0.558659108939
12 31 0.66
74 3 0.75802374633
102 18 0.784091831357
31 99 0.760591874792
24 76 0.708307842679
28 36 0.651229606207
62 35 0.610737259384
10 36 0.68
35 59 0.662872536767
26 42 0.675351760196
80 54 0.75
0 13 0.0316227766017
2 52 0.712811335488
44 45 0.751864349467
88 70 0.651459898996
85 16 0.711969100453
5 15 0.755380698721
6 84 0.361247837364
92 74 0.670671305484
11 62 0.56
42 24 0.480104155366
98 88 0.322024843762
44 77 0.738173421358
108 71 0.726704891961
57 24 0.332415402772
88 31 0.784920378128
104 102 0.152643375225
3 60 0.655209890035
57 43 0.394461658466
95 51 0.752130307859
80 41 0.68
52 30 0.394461658466
26 46 0.241660919472
28 33 0.276586333719
32 38 0.732461603089
22 34 0.142126704036
99 3 0.57008771255
42 99 0.101980390272
47 66 0.0905538513814
50 64 0.622655603042
21 109 0.550726792521
84 98 0.0721110255093
17 63 0.296141857899
19 48 0.455411901469
49 53 0.460977222865
45 69 0.643272881443
36 88 0.683081254318
43 58 0.248394846967
83 108 0.375898922584
62 12 0.212132034356
12 104 0.234307490277
11 60 0.247386337537
22 2 0.830240928888
87 1 0.783900503891
80 77 0.667308024828
13 0 0.0316227766017
31 6 0.832406150866
20 94 0.49040799341
6 28 0.30083217913
99 54 0.75802374633
42 48 0.53310411741
108 105 0.0538516480713
104 48 0.423792402008
18 85 0.540370243444
24 60 0.764852927039
38 71 0.765375724726
6 58 0.72422372234
77 106 0.840119039184
15 97 0.442718872424
48 58 0.532259335287
96 53 0.523927475897
68 50 0.660378679244
9 1 0.110453610172
3 19 0.361386219992
48 74 0.720694109869
105 83 0.373363094052
48 92 0.322490309932
0 78 0.0282842712475
92 76 0.198494332413
62 11 0.56
64 89 0.596824932455
44 110 0.141421356237
105 37 0.711688133946
78 75 0.493355855342
14 72 0.725672102261
43 5 0.335410196625
88 18 0.560802995712
58 25 0.831865373723
53 110 0.121655250606
113 106 0.739797269527
104 35 0.766093989012
1 46 0.727804918917
18 6 0.613269924258
80 99 0.402616442784
6 88 0.0894427191
12 74 0.381182371051
74 48 0.720694109869
19 57 0.552268050859
16 18 0.718401002226
98 33 0.29
22 38 0.55542776308
86 46 0.424499705536
71 23 0.543415126768
101 53 0.711969100453
17 18 0.80622577483
113 48 0.726154253585
63 5 0.728354309385
59 65 0.05
43 18 0.191049731745
101 68 0.690507060065
3 113 0.787718223732
81 82 0.644980619864
42 57 0.746324326282
107 90 0.700642562224
33 98 0.29
13 37 0.38
10 6 0.58463663929
49 80 0.410487515035
18 17 0.80622577483
25 17 0.172626765016
52 13 0.424499705536
6 111 0.588727441181
86 49 0.29
0 38 0.506063237155
46 87 0.150332963784
15 80 0.726911273815
0 30 0.625139984324
98 28 0.266833281283
35 4 0.592368128785
34 105 0.148660687473
76 27 0.314006369362
36 104 0.693108938047
48 60 0.553624421427
74 97 0.671192967782
26 1 0.718679344353
4 92 0.742428447731
62 100 0.346554469023
103 95 0.52
1 41 0.700357051796
107 68 0.297321374946
60 74 0.810246875958
31 85 0.57706152185
12 19 0.833846508657
31 3 0.332415402772
102 60 0.690796641567
12 102 0.235372045919
94 82 0.552268050859
63 18 0.68066144301
10 33 0.560892146495
11 104 0.522015325446
43 62 0.611310068623
38 108 0.783134726596
28 18 0.722495674728
70 102 0.640078120232
88 58 0.686804193348
12 11 0.351283361405
92 91 0.818352002503
52 0 0.395979797464
32 23 0.506951674225
6 25 0.38275318418
70 5 0.35902646142
54 49 0.340587727319
58 67 0.661286624695
59 35 0.662872536767
22 75 0.310161248385
44 80 0.6506919394
0 93 0.765375724726
59 74 0.771038261048
38 83 0.653911308971
35 12 0.74404300951
101 15 0.840535543567
26 110 0.511077293567
78 83 0.629682459657
97 15 0.442718872424
108 0 0.449444101085
42 100 0.752728370662
91 109 0.59640590205
99 44 0.692026011072
62 58 0.803616824115
49 99 0.482700735446
27 5 0.838152730712
102 57 0.360693775937
100 27 0.635609943283
33 88 0.0632455532034
83 4 0.724016574396
97 43 0.78006409993
44 87 0.274590604355
5 12 0.466904701197
54 86 0.630317380373
5 36 0.459673797382
109 97 0.234307490277
27 109 0.319061122671
19 58 0.301496268634
5 70 0.35902646142
79 69 0.322800247831
68 107 0.297321374946
43 12 0.662193325246
70 28 0.766093989012
80 42 0.41
76 42 0.751531769122
43 104 0.460434577329
113 11 0.57008771255
27 60 0.272946881279
11 5 0.738241153012
17 88 0.47759815745
76 102 0.680073525437
60 100 0.620080639917
15 102 0.761577310586
17 16 0.654599113962
104 11 0.522015325446
25 16 0.502493781056
16 101 0.790569415042
100 102 0.347131099154
12 70 0.730547739713
18 62 0.802246844805
4 76 0.693541635376
52 22 0.833546639367
97 27 0.37
105 4 0.481663783152
34 71 0.737360156233
86 19 0.818840643837
54 9 0.811541742611
24 3 0.123693168769
104 19 0.754320886626
75 37 0.47539457296
80 106 0.788733161468
66 35 0.680147042925
4 13 0.798310716451
109 74 0.831865373723
18 63 0.68066144301
58 100 0.520096144958
74 43 0.702139587262
75 108 0.588727441181
19 99 0.461735855225
43 31 0.171172427686
30 13 0.656201188661
25 70 0.685930025586
4 12 0.661891229735
47 59 0.0860232526704
19 12 0.833846508657
48 76 0.499799959984
80 87 0.388329756779
76 21 0.578013840665
70 58 0.28231188427
35 65 0.615873363607
26 41 0.579827560573
97 48 0.312569992162
53 44 0.234093998214
74 62 0.180277563773
27 15 0.812711510931
48 102 0.550726792521
105 52 0.788733161468
104 36 0.693108938047
80 15 0.726911273815
45 110 0.689420046126
33 6 0.0282842712475
100 70 0.490917508345
37 108 0.765375724726
96 45 0.0583095189485
73 55 0.823468275042
37 78 0.331360830516
84 67 0.604069532422
109 104 0.686002915446
11 3 0.408044115262
3 42 0.52172789843
42 26 0.675351760196
76 104 0.658634952003
36 5 0.459673797382
101 24 0.743303437366
24 19 0.23769728648
86 99 0.370540146273
19 43 0.506951674225
93 103 0.792590688817
110 42 0.823468275042
19 100 0.569385633819
0 4 0.829759001156
70 57 0.474341649025
15 62 0.754718490565
78 32 0.512249938995
92 21 0.773886296558
13 32 0.567274184147
7 79 0.15
10 84 0.476340214553
71 38 0.765375724726
88 85 0.723671196055
15 76 0.580086200491
74 102 0.17
34 83 0.241867732449
58 62 0.803616824115
17 25 0.172626765016
42 97 0.687677249878
35 104 0.766093989012
36 102 0.740607858451
23 93 0.311126983722
100 76 0.580517010948
85 31 0.57706152185
15 18 0.704556598152
16 50 0.783134726596
11 92 0.067082039325
68 16 0.762758153021
3 57 0.233238075794
100 92 0.382099463491
110 87 0.399249295554
107 111 0.668879660328
101 42 0.81437092286
57 48 0.220907220344
31 24 0.286356421266
76 62 0.655209890035
85 33 0.718401002226
38 105 0.735527021937
87 26 0.130384048104
67 5 0.744647567645
92 27 0.360555127546
69 39 0.136014705087
15 3 0.200249843945
12 97 0.290172362571
86 53 0.750599760192
57 100 0.02
62 102 0.0282842712475
77 46 0.622655603042
41 87 0.710211236183
13 75 0.483321838944
9 26 0.790253124005
79 81 0.398246155035
38 2 0.28
90 81 0.694046107978
42 15 0.325729949498
54 44 0.104403065089
30 78 0.602992537267
51 95 0.752130307859
13 52 0.424499705536
74 27 0.631347764707
78 2 0.737902432575
26 77 0.449110231458
78 71 0.340147027034
105 108 0.0538516480713
17 10 0.136014705087
77 54 0.82328609851
104 57 0.216333076528
36 33 0.746324326282
90 94 0.815414005276
57 62 0.361247837364
87 44 0.274590604355
100 62 0.346554469023
28 70 0.766093989012
67 18 0.49244289009
31 5 0.452548339959
63 70 0.61400325732
54 46 0.23769728648
92 113 0.631268564083
6 18 0.613269924258
26 53 0.609261848469
76 74 0.808949936646
98 67 0.54083269132
85 58 0.446542271235
78 105 0.424381903478
74 47 0.820548596976
98 25 0.400249921924
74 65 0.744311762637
18 33 0.603738353925
58 31 0.141421356237
15 12 0.60811183182
12 4 0.661891229735
3 24 0.123693168769
71 93 0.460108682813
26 49 0.232594066992
11 42 0.6341135545
111 67 0.764852927039
33 36 0.746324326282
101 85 0.164012194669
71 30 0.65306967469
68 64 0.660302960769
12 15 0.60811183182
85 6 0.705195008491
23 71 0.543415126768
74 5 0.37483329628
24 15 0.202484567313
18 28 0.722495674728
100 36 0.778973683766
41 51 0.794040301244
109 3 0.626258732474
4 62 0.708307842679
75 71 0.822009732302
71 32 0.315753068077
52 78 0.367695526217
92 97 0.01
30 2 0.394588393139
96 94 0.626258732474
62 15 0.754718490565
24 102 0.692964645563
110 26 0.511077293567
18 58 0.172626765016
39 82 0.404598566483
60 109 0.05
97 62 0.500399840128
52 2 0.712811335488
97 113 0.630713881249
90 96 0.194164878389
28 6 0.30083217913
42 113 0.522015325446
92 60 0.241867732449
36 57 0.769415362467
100 15 0.427200187266
20 82 0.100498756211
3 27 0.762364742102
53 46 0.367695526217
63 25 0.338378486314
60 3 0.655209890035
53 101 0.711969100453
43 6 0.784474346298
43 11 0.801560977094
50 29 0.54083269132
24 31 0.286356421266
52 108 0.840238061504
35 102 0.61400325732
57 5 0.352278299076
28 63 0.471274866718
94 39 0.148660687473
3 104 0.449444101085
1 26 0.718679344353
0 52 0.395979797464
109 15 0.600083327547
49 26 0.232594066992
9 77 0.607289058028
113 15 0.626258732474
31 62 0.664078308635
92 11 0.067082039325
88 98 0.322024843762
1 54 0.802246844805
82 94 0.552268050859
42 46 0.728628849278
99 97 0.778010282708
12 24 0.599332962551
110 44 0.141421356237
42 58 0.768960337079
102 36 0.740607858451
68 85 0.78006409993
69 7 0.261725046566
54 99 0.75802374633
26 80 0.363593179254
109 95 0.743303437366
61 72 0.769025357189
12 43 0.662193325246
28 25 0.133416640641
40 55 0.60207972894
53 90 0.335261092285
24 57 0.332415402772
58 42 0.768960337079
60 4 0.643506021728
70 88 0.651459898996
31 97 0.711758385971
5 57 0.352278299076
28 67 0.294108823397
67 16 0.550090901579
97 102 0.521536192416
91 11 0.792464510246
43 57 0.394461658466
41 26 0.579827560573
86 44 0.532353266168
84 88 0.394081209905
71 108 0.726704891961
85 99 0.729177618965
6 31 0.832406150866
19 18 0.473814309619
109 11 0.219317121995
109 42 0.761577310586
4 74 0.711196175468
21 97 0.782304288624
88 67 0.322490309932
52 37 0.298328677804
31 15 0.487647413609
70 12 0.730547739713
111 68 0.780896920214
21 113 0.72124891681
67 43 0.580517010948
87 42 0.620080639917
108 38 0.783134726596
100 19 0.569385633819
26 87 0.130384048104
92 42 0.695269731831
101 18 0.704343666118
109 24 0.732461603089
100 57 0.02
43 3 0.456508488421
104 74 0.311448230048
0 22 0.461735855225
111 19 0.443846820423
67 33 0.384707681233
99 11 0.726704891961
109 100 0.608769250209
9 44 0.794292137692
48 11 0.306757233004
77 49 0.677200118133
92 19 0.770584193972
21 95 0.280713376952
102 43 0.593043000127
84 17 0.528015151298
21 76 0.578013840665
78 30 0.602992537267
11 19 0.740607858451
87 99 0.547083174664
111 99 0.821340367935
16 25 0.502493781056
110 86 0.631981012373
41 80 0.68
48 113 0.726154253585
76 91 0.624259561401
104 27 0.610573500899
53 49 0.460977222865
53 45 0.572450871254
46 53 0.367695526217
5 31 0.452548339959
16 98 0.284429253067
102 27 0.558659108939
60 11 0.247386337537
111 24 0.649384323802
62 48 0.543783044973
4 34 0.59908263203
19 111 0.443846820423
59 47 0.0860232526704
6 67 0.411825205639
83 75 0.388973006776
12 27 0.380131556175
113 91 0.550090901579
37 38 0.304138126515
96 69 0.684105255059
39 7 0.152315462117
10 28 0.284429253067
98 6 0.29206163733
78 13 0.0583095189485
48 62 0.543783044973
11 12 0.351283361405
27 92 0.360555127546
113 42 0.522015325446
6 10 0.58463663929
3 62 0.587962583844
70 24 0.522015325446
79 20 0.222036033112
91 103 0.690796641567
44 54 0.104403065089
95 103 0.52
84 16 0.338378486314
82 7 0.277308492477
18 31 0.226715680975
102 3 0.590338885726
17 70 0.796303962065
75 0 0.481040538832
84 10 0.476340214553
60 42 0.810246875958
98 17 0.493963561409
11 48 0.306757233004
19 70 0.565685424949
34 38 0.630317380373
69 45 0.643272881443
57 3 0.233238075794
100 11 0.406078810085
50 84 0.775241897733
32 30 0.440454310911
85 111 0.120415945788
22 71 0.817863069224
49 110 0.343656805549
76 60 0.060827625303
81 94 0.210237960416
90 87 0.810555365166
88 17 0.47759815745
75 30 0.695269731831
45 9 0.834505841801
47 65 0.136014705087
48 31 0.42201895692
90 107 0.700642562224
37 2 0.44598206242
102 76 0.680073525437
29 50 0.54083269132
1 77 0.499799959984
102 4 0.732461603089
21 11 0.769415362467
57 99 0.801124210095
17 67 0.313847096529
0 37 0.350142828
70 48 0.61400325732
108 13 0.418807831827
84 33 0.360693775937
25 10 0.262488094968
77 80 0.667308024828
7 20 0.198494332413
64 50 0.622655603042
97 42 0.687677249878
109 76 0.0282842712475
25 63 0.338378486314
43 33 0.771621668954
34 37 0.662419806467
47 35 0.74404300951
71 105 0.682641926635
92 43 0.78816241981
6 63 0.68249542123
86 54 0.630317380373
41 1 0.700357051796
43 100 0.411825205639
46 99 0.644437739429
104 100 0.20591260282
81 45 0.446542271235
45 90 0.248394846967
72 14 0.725672102261
3 102 0.590338885726
91 92 0.818352002503
77 41 0.225610283454
110 99 0.724499827467
71 13 0.37483329628
74 66 0.731095069057
3 74 0.75802374633
58 48 0.532259335287
57 42 0.746324326282
44 101 0.785175139698
113 92 0.631268564083
54 45 0.664078308635
22 78 0.487031826475
95 91 0.170880074906
88 10 0.532353266168
28 10 0.284429253067
60 12 0.460651712251
24 85 0.630079360081
24 58 0.353836120259
24 100 0.347131099154
18 15 0.704556598152
5 43 0.335410196625
99 113 0.611310068623
31 19 0.338378486314
106 113 0.739797269527
24 11 0.517880295049
97 19 0.760591874792
37 75 0.47539457296
75 22 0.310161248385
69 82 0.532541078228
42 101 0.81437092286
74 109 0.831865373723
97 31 0.711758385971
46 90 0.661211010193
101 33 0.826075057123
4 22 0.718679344353
49 19 0.827647267862
32 78 0.512249938995
94 20 0.49040799341
91 97 0.824621125124
75 52 0.738241153012
12 5 0.466904701197
25 43 0.770778826902
94 81 0.210237960416
87 77 0.572800139665
102 62 0.0282842712475
48 19 0.455411901469
91 27 0.778781098897
48 104 0.423792402008
19 49 0.827647267862
78 52 0.367695526217
26 44 0.375765884561
94 96 0.626258732474
88 6 0.0894427191
58 15 0.552268050859
70 100 0.490917508345
94 7 0.296816441593
15 48 0.210950231097
18 48 0.648151216924
110 85 0.817435012707
21 27 0.622655603042
0 34 0.402243707222
91 106 0.838629834909
104 24 0.545618914628
89 64 0.596824932455
106 91 0.838629834909
109 48 0.525547333739
24 92 0.54083269132
52 105 0.788733161468
70 17 0.796303962065
54 110 0.07
28 98 0.266833281283
24 12 0.599332962551
96 107 0.82036577208
111 107 0.668879660328
18 102 0.784091831357
110 54 0.07
18 57 0.559732078766
111 3 0.764198926982
49 46 0.162788205961
74 35 0.465295604965
69 94 0.0761577310586
49 90 0.783134726596
13 108 0.418807831827
40 56 0.36235341864
25 28 0.133416640641
92 57 0.396988664826
37 32 0.430116263352
99 42 0.101980390272
53 96 0.523927475897
71 22 0.817863069224
15 85 0.75709972923
102 5 0.303644529014
57 109 0.623698645181
99 110 0.724499827467
102 58 0.790569415042
21 4 0.760065786626
15 100 0.427200187266
113 80 0.541294744109
99 26 0.616846820532
45 54 0.664078308635
58 111 0.40162171256
60 95 0.740270220933
5 74 0.37483329628
5 102 0.303644529014
27 4 0.388329756779
57 60 0.636003144646
60 92 0.241867732449
67 63 0.286006992921
57 12 0.301496268634
60 15 0.640312423743
91 21 0.260768096208
46 54 0.23769728648
80 49 0.410487515035
57 76 0.595482997238
3 70 0.542033209315
81 90 0.694046107978
88 43 0.722357252334
98 63 0.737631344236
86 87 0.278567765544
104 5 0.233452350599
41 106 0.636003144646
11 113 0.57008771255
4 108 0.434165866922
62 24 0.693541635376
5 104 0.233452350599
5 18 0.518652099196
2 37 0.44598206242
70 33 0.703420215803
24 113 0.828009661779
63 43 0.695701085237
37 52 0.298328677804
101 54 0.750066663704
31 111 0.541202365109
43 85 0.688839603972
77 9 0.607289058028
4 35 0.592368128785
31 88 0.784920378128
86 77 0.657647321898
30 71 0.65306967469
97 58 0.83486525859
75 105 0.550363516233
102 31 0.65192024052
15 86 0.733757453114
64 29 0.559464029228
87 90 0.810555365166
31 48 0.42201895692
5 63 0.728354309385
15 19 0.357351367704
6 85 0.705195008491
8 112 0.141421356237
33 18 0.603738353925
104 109 0.686002915446
16 85 0.711969100453
110 90 0.45607017004
48 57 0.220907220344
107 85 0.623939099592
3 109 0.626258732474
70 6 0.718052922841
39 81 0.300166620396
27 74 0.631347764707
18 19 0.473814309619
54 1 0.802246844805
107 54 0.802122185206
33 70 0.703420215803
16 68 0.762758153021
109 91 0.59640590205
58 57 0.500099990002
52 71 0.262488094968
104 31 0.502891638427
104 76 0.658634952003
5 62 0.328937684068
15 57 0.420594816896
112 8 0.141421356237
57 36 0.769415362467
70 36 0.411096095822
7 82 0.277308492477
54 101 0.750066663704
41 86 0.710211236183
101 99 0.734302390027
48 43 0.528015151298
31 58 0.141421356237
3 5 0.555787729264
35 5 0.828733974204
56 40 0.36235341864
38 52 0.60207972894
57 11 0.418688428309
36 6 0.771621668954
16 67 0.550090901579
107 110 0.746525284234
79 94 0.322490309932
104 43 0.460434577329
76 48 0.499799959984
15 24 0.202484567313
80 26 0.363593179254
65 66 0.120415945788
63 16 0.816088230524
90 110 0.45607017004
84 25 0.452769256907
95 76 0.771556867638
102 24 0.692964645563
78 38 0.503289181286
49 41 0.811233628494
36 66 0.796303962065
57 19 0.552268050859
87 49 0.104403065089
82 79 0.246981780705
98 50 0.80956778592
75 34 0.417612260356
50 16 0.783134726596
2 13 0.770778826902
102 74 0.17
67 6 0.411825205639
84 28 0.320624390838
100 43 0.411825205639
108 4 0.434165866922
113 51 0.731641988954
102 104 0.152643375225
4 83 0.724016574396
84 6 0.361247837364
22 108 0.312409987036
18 5 0.518652099196
24 109 0.732461603089
103 21 0.693108938047
95 21 0.280713376952
32 71 0.315753068077
45 44 0.751864349467
58 85 0.446542271235
6 17 0.545618914628
88 33 0.0632455532034
42 44 0.784920378128
110 46 0.272029410175
36 67 0.373363094052
37 34 0.662419806467
66 47 0.0905538513814
54 96 0.62096698785
15 27 0.812711510931
37 93 0.680294054068
99 80 0.402616442784
58 5 0.572013985843
69 81 0.286356421266
33 43 0.771621668954
60 62 0.664830805544
4 109 0.692964645563
111 85 0.120415945788
93 71 0.460108682813
58 104 0.642884126418
0 108 0.449444101085
97 99 0.778010282708
92 15 0.452216762184
109 57 0.623698645181
22 0 0.461735855225
48 70 0.61400325732
3 99 0.57008771255
49 44 0.245153013443
31 104 0.502891638427
80 110 0.753259583411
16 84 0.338378486314
85 70 0.700357051796
19 86 0.818840643837
19 3 0.361386219992
75 78 0.493355855342
101 107 0.490306026885
50 68 0.660378679244
39 96 0.765571681817
9 54 0.811541742611
97 24 0.530848377599
113 24 0.828009661779
101 44 0.785175139698
79 39 0.186815416923
83 37 0.784920378128
36 43 0.480416485979
46 49 0.162788205961
82 81 0.644980619864
78 37 0.331360830516
67 111 0.764852927039
15 58 0.552268050859
60 104 0.682422156733
4 60 0.643506021728
51 41 0.794040301244
42 49 0.565862174032
96 39 0.765571681817
12 58 0.80024996095
5 67 0.744647567645
10 16 0.672309452559
94 45 0.582408791142
34 22 0.142126704036
27 104 0.610573500899
93 0 0.765375724726
70 25 0.685930025586
99 46 0.644437739429
37 30 0.284604989415
24 18 0.50219518118
67 36 0.373363094052
33 84 0.360693775937
86 26 0.28319604517
16 58 0.809506022214
110 49 0.343656805549
90 46 0.661211010193
41 46 0.793095202356
91 76 0.624259561401
24 104 0.545618914628
101 58 0.60440052945
19 92 0.770584193972
111 101 0.265706605112
27 48 0.664830805544
63 10 0.423792402008
105 78 0.424381903478
94 69 0.0761577310586
60 24 0.764852927039
17 28 0.256124969497
3 100 0.244131112315
24 70 0.522015325446
9 45 0.834505841801
25 88 0.308706980809
74 70 0.733484832836
5 92 0.698355210477
99 85 0.729177618965
83 38 0.653911308971
1 9 0.110453610172
12 57 0.301496268634
43 92 0.78816241981
63 28 0.471274866718
58 19 0.301496268634
94 90 0.815414005276
81 96 0.5
24 97 0.530848377599
70 85 0.700357051796
67 70 0.495176736126
18 3 0.559016994375
89 29 0.344093010682
35 27 0.776466354712
26 9 0.790253124005
97 92 0.01
99 24 0.508035431835
67 25 0.192093727123
62 76 0.655209890035
62 70 0.660681466366
67 84 0.604069532422
111 16 0.604648658313
15 5 0.755380698721
38 78 0.503289181286
30 75 0.695269731831
57 58 0.500099990002
99 92 0.786002544525
48 27 0.664830805544
42 86 0.408044115262
19 15 0.357351367704
76 97 0.206155281281
15 11 0.407921561087
26 99 0.616846820532
99 86 0.370540146273
60 27 0.272946881279
78 108 0.477074417675
54 26 0.479270278653
51 106 0.158113883008
59 66 0.0894427191
31 43 0.171172427686
102 15 0.761577310586
65 35 0.615873363607
83 34 0.241867732449
15 111 0.800562302385
97 100 0.37483329628
90 54 0.44283179651
43 67 0.580517010948
31 92 0.720902212509
34 52 0.795110055275
33 28 0.276586333719
45 53 0.572450871254
62 60 0.664830805544
46 42 0.728628849278
6 36 0.771621668954
25 84 0.452769256907
1 73 0.196977156036
76 57 0.595482997238
7 81 0.445533388199
95 113 0.713442359269
43 70 0.0860232526704
43 25 0.770778826902
45 94 0.582408791142
88 16 0.228473193176
11 31 0.720694109869
80 113 0.541294744109
2 30 0.394588393139
33 111 0.600832755432
37 0 0.350142828
30 52 0.394461658466
90 49 0.783134726596
48 42 0.53310411741
43 88 0.722357252334
33 25 0.355105618091
107 101 0.490306026885
6 43 0.784474346298
78 93 0.738241153012
74 92 0.670671305484
49 77 0.677200118133
41 49 0.811233628494
34 108 0.174928556845
74 57 0.526307894678
85 88 0.723671196055
0 75 0.481040538832
97 4 0.75133215025
15 101 0.840535543567
103 23 0.499799959984
103 93 0.792590688817
5 24 0.613514466007
111 43 0.627694193059
97 91 0.824621125124
105 0 0.396610640301
24 101 0.743303437366
37 71 0.489182992345
2 75 0.528866712887
44 49 0.245153013443
70 111 0.626258732474
104 3 0.449444101085
36 25 0.524690384894
48 15 0.210950231097
11 4 0.797558775264
13 30 0.656201188661
62 5 0.328937684068
13 22 0.443846820423
17 33 0.518941229813
22 83 0.143178210633
2 38 0.28
110 45 0.689420046126
68 111 0.780896920214
58 36 0.684470598346
28 16 0.399624824054
74 59 0.771038261048
11 91 0.792464510246
3 92 0.424264068712
58 24 0.353836120259
104 92 0.47539457296
1 44 0.771038261048
85 18 0.540370243444
73 77 0.696419413859
43 19 0.506951674225
34 4 0.59908263203
57 104 0.216333076528
11 43 0.801560977094
32 2 0.805294977012
3 85 0.751065909225
77 1 0.499799959984
109 92 0.226715680975
92 12 0.29
38 75 0.269258240357
100 18 0.578705451849
12 100 0.281602556807
12 3 0.478852795753
11 57 0.418688428309
77 26 0.449110231458
43 63 0.695701085237
38 32 0.732461603089
31 18 0.226715680975
11 102 0.580344725142
74 12 0.381182371051
23 32 0.506951674225
3 76 0.600832755432
88 28 0.25
42 31 0.75133215025
62 27 0.530377224247
54 53 0.13
2 0 0.747328575661
16 17 0.654599113962
76 92 0.198494332413
96 90 0.194164878389
21 103 0.693108938047
108 75 0.588727441181
91 51 0.726154253585
0 2 0.747328575661
88 63 0.595482997238
65 74 0.744311762637
87 80 0.388329756779
107 96 0.82036577208
7 94 0.296816441593
107 53 0.694622199472
43 74 0.702139587262
102 92 0.522398315464
9 41 0.810493676718
74 76 0.808949936646
81 69 0.286356421266
54 87 0.378549864615
54 77 0.82328609851
16 33 0.165529453572
62 43 0.611310068623
113 99 0.611310068623
30 37 0.284604989415
62 92 0.500899191455
31 102 0.65192024052
113 109 0.523927475897
111 33 0.600832755432
50 98 0.80956778592
100 5 0.355105618091
53 54 0.13
46 9 0.768960337079
31 12 0.66
14 61 0.04472135955
4 11 0.797558775264
5 100 0.355105618091
32 0 0.540370243444
36 31 0.65
22 52 0.833546639367
103 71 0.782623792125
96 81 0.5
13 2 0.770778826902
80 46 0.537587202229
19 31 0.338378486314
19 101 0.506359556047
65 59 0.05
30 38 0.447772263545
62 18 0.802246844805
3 58 0.434165866922
104 62 0.161554944214
28 84 0.320624390838
25 58 0.831865373723
0 83 0.604069532422
10 67 0.435660418216
19 11 0.740607858451
101 6 0.808949936646
106 41 0.636003144646
31 70 0.241867732449
82 20 0.100498756211
109 27 0.319061122671
104 18 0.65
46 77 0.622655603042
44 96 0.711969100453
92 24 0.54083269132
18 104 0.65
28 17 0.256124969497
77 44 0.738173421358
3 18 0.559016994375
60 76 0.060827625303
0 32 0.540370243444
100 58 0.520096144958
102 70 0.640078120232
76 95 0.771556867638
76 113 0.534883164813
69 79 0.322800247831
111 58 0.40162171256
97 104 0.471699056603
102 109 0.705195008491
13 71 0.37483329628
96 46 0.822982381342
70 31 0.241867732449
69 96 0.684105255059
37 13 0.38
92 3 0.424264068712
82 69 0.532541078228
71 78 0.340147027034
74 36 0.740945342114
109 60 0.05
3 12 0.478852795753
42 80 0.41
111 31 0.541202365109
6 16 0.139283882772
33 17 0.518941229813
60 113 0.567978872847
42 85 0.794040301244
60 91 0.600333240792
58 70 0.28231188427
15 104 0.631585306986
63 33 0.654369925959
19 42 0.483735464898
57 102 0.360693775937
99 87 0.547083174664
24 111 0.649384323802
34 75 0.417612260356
95 109 0.743303437366
34 13 0.377359245282
113 86 0.645135644652
25 98 0.400249921924
19 24 0.23769728648
108 83 0.375898922584
70 74 0.733484832836
99 19 0.461735855225
100 60 0.620080639917
104 15 0.631585306986
111 6 0.588727441181
87 86 0.278567765544
104 60 0.682422156733
105 75 0.550363516233
80 44 0.6506919394
52 75 0.738241153012
63 17 0.296141857899
109 21 0.550726792521
41 9 0.810493676718
42 92 0.695269731831
27 100 0.635609943283
108 27 0.800562302385
26 54 0.479270278653
60 57 0.636003144646
109 113 0.523927475897
87 54 0.378549864615
31 67 0.704911341943
31 100 0.381182371051
102 97 0.521536192416
62 4 0.708307842679
67 88 0.322490309932
11 76 0.193132079158
52 34 0.795110055275
17 36 0.545618914628
88 36 0.683081254318
63 67 0.286006992921
24 43 0.441474801093
24 48 0.220227155455
108 22 0.312409987036
64 68 0.660302960769
113 95 0.713442359269
110 101 0.680073525437
39 94 0.148660687473
46 80 0.537587202229
18 70 0.166433169771
6 70 0.718052922841
70 19 0.565685424949
5 27 0.838152730712
67 98 0.54083269132
106 51 0.158113883008
106 77 0.840119039184
74 100 0.514003891036
3 48 0.101980390272
18 101 0.704343666118
109 102 0.705195008491
15 31 0.487647413609
92 100 0.382099463491
34 0 0.402243707222
63 98 0.737631344236
53 86 0.750599760192
101 19 0.506359556047
16 10 0.672309452559
101 110 0.680073525437
99 58 0.759275970909
111 18 0.460977222865
99 100 0.80956778592
102 12 0.235372045919
37 22 0.65192024052
36 17 0.545618914628
