76 100 0.580517010948
15 113 0.626258732474
67 17 0.313847096529
46 73 0.86005813757
27 34 0.973087868592
18 16 0.718401002226
32 52 0.152315462117
43 48 0.528015151298
57 18 0.559732078766
110 19 0.915259526036
104 42 0.95634721728
92 99 0.786002544525
62 57 0.361247837364
4 27 0.388329756779
43 98 1.03754517974
98 16 0.284429253067
15 49 0.866083136887
18 25 0.668879660328
58 107 1.06437775249
45 68 1.08074048689
95 78 1.17388244727
66 36 0.796303962065
19 97 0.760591874792
5 3 0.555787729264
33 101 0.826075057123
97 3 0.414366987102
108 21 0.930591209931
78 34 0.430116263352
19 25 1.11789981662
72 61 0.769025357189
90 101 0.917877987534
97 21 0.782304288624
105 38 0.735527021937
12 105 1.14354711315
46 110 0.272029410175
9 73 0.0989949493661
79 7 0.15
2 22 0.830240928888
66 12 1.11004504413
26 101 1.03368273663
100 67 0.979489663039
60 102 0.690796641567
108 35 0.814002456999
49 42 0.565862174032
99 102 1.14738833879
77 113 1.11521298414
17 84 0.528015151298
21 32 1.17098249346
15 60 0.640312423743
21 51 0.98412397593
36 70 0.411096095822
60 43 1.02902866821
5 33 1.03484298326
71 37 0.489182992345
85 44 0.910054943396
23 52 0.623698645181
36 16 0.910823802939
32 93 0.25179356624
58 99 0.759275970909
53 107 0.694622199472
55 40 0.60207972894
24 99 0.508035431835
44 73 0.87800911157
48 36 0.962081077664
62 63 1.0360019305
27 12 0.380131556175
96 68 1.03237590053
111 44 1.03
4 102 0.732461603089
52 32 0.152315462117
100 97 0.37483329628
73 44 0.87800911157
55 1 0.979438614718
15 92 0.452216762184
9 46 0.768960337079
99 31 0.760591874792
85 107 0.623939099592
35 62 0.610737259384
44 42 0.784920378128
46 111 1.09658560997
11 27 0.411460812229
3 97 0.414366987102
76 43 0.986002028395
97 70 0.862148479092
39 69 0.136014705087
51 86 0.997647232242
58 3 0.434165866922
88 101 0.840951841665
62 104 0.161554944214
19 87 0.920706250658
99 48 0.596824932455
97 76 0.206155281281
11 100 0.406078810085
97 85 1.16017240098
106 49 1.14490174251
54 111 1.00498756211
38 13 0.524309069157
92 48 0.322490309932
13 38 0.524309069157
77 73 0.696419413859
11 15 0.407921561087
111 110 0.935360892918
99 111 0.821340367935
48 3 0.101980390272
104 63 0.961665222414
83 32 1.12769676775
86 113 0.645135644652
111 86 1.11413643689
63 88 0.595482997238
106 80 0.788733161468
81 79 0.398246155035
97 35 0.997296345125
53 1 0.86884981441
76 3 0.600832755432
1 87 0.783900503891
105 22 0.290688837075
111 54 1.00498756211
91 95 0.170880074906
12 92 0.29
49 107 1.02615788259
51 109 1.16155068766
111 70 0.626258732474
6 101 0.808949936646
71 52 0.262488094968
113 104 1.07912001186
55 9 0.916787870775
27 3 0.762364742102
25 67 0.192093727123
20 69 0.460108682813
48 24 0.220227155455
26 86 0.28319604517
62 109 0.680073525437
11 109 0.219317121995
31 101 0.729451848993
46 1 0.727804918917
47 74 0.820548596976
36 100 0.778973683766
16 28 0.399624824054
108 34 0.174928556845
89 50 0.851645466142
43 16 0.898220462915
70 15 0.718679344353
27 91 0.778781098897
0 103 1.10724884285
44 85 0.910054943396
107 98 1.14424647694
90 69 0.869770084563
54 24 1.15745410276
57 27 0.655133574166
50 88 1.00284595028
11 35 1.05990565618
43 111 0.627694193059
52 23 0.623698645181
30 0 0.625139984324
113 60 0.567978872847
22 37 0.65192024052
36 3 0.912140340079
35 76 1.06042444332
62 36 0.768439978138
35 100 0.956713123146
38 22 0.55542776308
45 81 0.446542271235
93 37 0.680294054068
28 88 0.25
110 1 0.872066511225
15 70 0.718679344353
73 9 0.0989949493661
19 6 0.950157881618
105 76 1.1136426716
73 46 0.86005813757
18 84 0.95414883535
20 7 0.198494332413
85 101 0.164012194669
66 43 1.13159179919
74 60 0.810246875958
11 74 0.732461603089
35 74 0.465295604965
100 24 0.347131099154
37 83 0.784920378128
27 76 0.314006369362
106 87 1.07540689974
34 30 0.943716058992
100 48 0.22360679775
13 93 0.788923316933
19 104 0.754320886626
19 102 0.9060353194
19 85 0.403112887415
93 32 0.25179356624
105 71 0.682641926635
43 28 0.848115558164
100 86 1.16056020955
104 70 0.517880295049
47 104 1.06531685427
88 19 0.932308961665
109 12 0.471699056603
63 58 0.852115015711
12 76 0.44598206242
103 13 1.10860272415
69 20 0.460108682813
46 41 0.793095202356
98 10 0.460108682813
79 82 0.246981780705
100 109 0.608769250209
24 74 0.857029754443
16 88 0.228473193176
85 19 0.403112887415
11 111 1.16726175299
105 34 0.148660687473
111 88 0.60415229868
86 42 0.408044115262
18 100 0.578705451849
24 49 0.957548954362
97 109 0.234307490277
57 97 0.389486841883
95 0 1.1745637488
20 39 0.34205262753
108 62 1.12445542375
88 68 0.963327566303
5 58 0.572013985843
77 53 0.94069123521
53 77 0.94069123521
16 63 0.816088230524
0 95 1.1745637488
45 73 0.842021377401
10 98 0.460108682813
24 62 0.693541635376
32 105 0.926552750792
35 108 0.814002456999
86 51 0.997647232242
32 34 0.942019108086
3 31 0.332415402772
49 87 0.104403065089
33 24 1.0729864864
65 47 0.136014705087
6 98 0.29206163733
58 6 0.72422372234
76 24 0.708307842679
44 53 0.234093998214
35 48 1.14021927716
110 96 0.642572953057
68 88 0.963327566303
97 86 1.0560303026
33 85 0.718401002226
16 111 0.604648658313
5 6 1.05304320899
51 113 0.731641988954
13 83 0.585234995536
43 76 0.986002028395
36 10 0.68
77 87 0.572800139665
2 93 1.02786185842
77 110 0.87800911157
33 67 0.384707681233
24 44 1.12071405809
110 41 1.06066017178
31 11 0.720694109869
88 104 1.16661904665
12 42 0.910219753686
18 97 0.930591209931
17 98 0.493963561409
31 74 0.787718223732
60 19 0.98412397593
31 16 0.928493403315
35 47 0.74404300951
10 88 0.532353266168
112 89 1.03247275993
97 74 0.671192967782
101 96 1.0955363983
36 59 0.884816365129
83 2 0.917605579756
69 112 1.12160599142
19 80 0.864002314812
18 67 0.49244289009
58 101 0.60440052945
57 80 1.14337220536
76 109 0.0282842712475
18 36 0.52810983706
101 25 1.12361025271
99 101 0.734302390027
4 21 0.760065786626
0 71 0.361247837364
96 110 0.642572953057
103 32 0.919347594765
48 5 0.570350769264
87 45 1.00841459728
36 24 0.917877987534
3 6 1.15663304466
59 63 0.983514107677
63 100 1.03730419839
33 16 0.165529453572
96 44 0.711969100453
10 17 0.136014705087
113 27 0.840773453434
85 49 0.890224690738
101 48 0.961769203084
27 62 0.530377224247
40 79 1.1401754251
11 86 0.996393496566
63 47 0.936215787092
4 48 1.02489023803
77 86 0.657647321898
83 0 0.604069532422
7 90 1.10923396991
95 97 0.9759098319
66 59 0.0894427191
108 92 1.16107708616
108 37 0.765375724726
25 6 0.38275318418
113 21 0.72124891681
44 26 0.375765884561
71 103 0.782623792125
30 93 0.640780773744
10 63 0.423792402008
27 78 1.1501738999
86 110 0.631981012373
35 105 0.866083136887
100 31 0.381182371051
73 53 0.93
67 3 1.03004854255
12 48 0.406078810085
99 60 0.91
31 36 0.65
57 70 0.474341649025
73 96 0.865332306111
103 91 0.690796641567
62 31 0.664078308635
83 13 0.585234995536
102 67 1.04752088285
20 81 0.610982814816
11 99 0.726704891961
90 73 0.88955044826
102 48 0.550726792521
44 90 0.540370243444
103 52 0.984073168011
36 63 0.269072480941
60 108 1.02215458713
48 86 0.939840411985
38 34 0.630317380373
87 110 0.399249295554
13 34 0.377359245282
6 33 0.0282842712475
48 97 0.312569992162
101 90 0.917877987534
19 5 0.771038261048
31 33 0.824924238946
76 12 0.44598206242
80 100 1.14756263446
53 80 0.871435597161
85 36 1.05190303736
96 1 0.919347594765
84 50 0.775241897733
15 44 1.06066017178
54 80 0.75
90 7 1.10923396991
22 13 0.443846820423
62 3 0.587962583844
108 52 0.840238061504
9 87 0.842199501306
68 54 1.09808924956
106 103 1.16468879964
10 25 0.262488094968
19 88 0.932308961665
43 35 1.16245430018
92 104 0.47539457296
95 27 0.883911760302
33 107 0.99538937105
42 109 0.761577310586
17 43 0.882326470191
24 16 1.15433963806
44 9 0.794292137692
42 27 1.0400961494
43 97 0.78006409993
67 10 0.435660418216
109 51 1.16155068766
19 63 1.15351636313
113 76 0.534883164813
31 86 1.13004424692
60 99 0.91
26 90 0.891066776398
58 12 0.80024996095
104 4 0.845931439302
22 4 0.718679344353
51 91 0.726154253585
22 105 0.290688837075
19 27 1.12008928216
101 46 0.86585218138
91 15 1.06470653234
11 58 0.837735041645
76 11 0.193132079158
66 17 1.1610340219
99 76 0.850881895447
76 80 0.997647232242
19 110 0.915259526036
94 53 1.14947814246
92 58 0.844334057112
74 4 0.711196175468
36 62 0.768439978138
101 70 0.863712915268
80 48 0.924175308045
88 111 0.60415229868
92 102 0.522398315464
57 31 0.361247837364
111 100 0.907964757025
41 54 1.01237344888
57 33 1.16077560278
67 31 0.704911341943
93 52 0.400249921924
66 104 0.974935895329
78 23 0.87965902485
55 56 0.467546789102
70 63 0.61400325732
111 11 1.16726175299
53 26 0.609261848469
88 25 0.308706980809
41 99 1.07466273779
57 74 0.526307894678
97 57 0.389486841883
46 107 1.01178060863
110 53 0.121655250606
61 14 0.04472135955
75 2 0.528866712887
105 35 0.866083136887
92 4 0.742428447731
26 113 0.903548559846
56 55 0.467546789102
99 15 0.385875627631
63 36 0.269072480941
25 36 0.524690384894
12 35 0.74404300951
12 62 0.212132034356
73 1 0.196977156036
71 21 0.87800911157
5 19 0.771038261048
84 43 1.10909873321
18 43 0.191049731745
44 86 0.532353266168
88 84 0.394081209905
88 3 1.11400179533
11 21 0.769415362467
5 85 1.01833196945
87 41 0.710211236183
32 37 0.430116263352
49 54 0.340587727319
18 12 0.843445315358
96 9 0.851469318296
51 42 1.14769333883
110 58 1.16361505662
36 28 0.651229606207
68 110 1.04350371346
70 18 0.166433169771
4 3 1.11570605448
59 102 0.927793080379
102 35 0.61400325732
104 66 0.974935895329
16 6 0.139283882772
87 113 0.923579991122
44 19 0.952732911156
42 3 0.52172789843
48 12 0.406078810085
83 105 0.373363094052
58 18 0.172626765016
41 77 0.225610283454
3 15 0.200249843945
76 58 1.0307764064
33 50 0.940478601564
44 113 1.16927327858
27 57 0.655133574166
33 58 0.720069441096
67 28 0.294108823397
21 52 1.1401754251
107 6 0.969329665284
68 101 0.690507060065
81 110 1.13176852757
33 10 0.560892146495
84 36 0.970206163658
57 15 0.420594816896
70 84 1.03368273663
75 38 0.269258240357
38 0 0.506063237155
96 54 0.62096698785
36 74 0.740945342114
90 53 0.335261092285
66 67 1.14039466852
109 62 0.680073525437
36 12 0.92633687177
86 15 0.733757453114
110 80 0.753259583411
95 60 0.740270220933
101 16 0.790569415042
93 13 0.788923316933
70 16 0.837257427557
76 4 0.693541635376
98 68 0.986154146166
100 42 0.752728370662
27 22 1.10022724925
99 12 0.987167665597
39 45 0.718679344353
42 19 0.483735464898
33 31 0.824924238946
18 109 1.16107708616
34 32 0.942019108086
98 18 0.882043082848
27 11 0.411460812229
102 63 1.00801785698
85 110 0.817435012707
27 42 1.0400961494
2 32 0.805294977012
68 90 0.948314293892
101 31 0.729451848993
5 10 1.12645461515
101 86 0.957757798193
57 92 0.396988664826
107 16 0.88056799851
87 111 1.11323851892
49 101 0.801124210095
63 19 1.15351636313
18 111 0.460977222865
36 58 0.684470598346
33 3 1.15108644332
4 97 0.75133215025
75 13 0.483321838944
36 111 0.95414883535
113 3 0.787718223732
70 3 0.542033209315
84 101 1.12893755363
113 97 0.630713881249
27 58 1.1498260738
99 49 0.482700735446
58 97 0.83486525859
47 62 0.990454441153
60 21 0.532541078228
58 28 0.874185335041
109 43 1.01400197238
42 104 0.95634721728
13 27 1.10113577728
42 70 0.992975326985
38 30 0.447772263545
26 19 1.02239913928
84 63 0.786447709641
111 98 0.872066511225
5 11 0.738241153012
85 42 0.794040301244
53 87 0.506951674225
85 48 0.85023526156
100 63 1.03730419839
91 113 0.550090901579
26 45 1.07018689956
60 48 0.553624421427
63 84 0.786447709641
44 46 0.13416407865
60 97 0.250599281723
87 96 0.973293378175
2 78 0.737902432575
99 90 1.1754573578
48 18 0.648151216924
17 66 1.1610340219
76 15 0.580086200491
10 5 1.12645461515
43 36 0.480416485979
36 92 1.14856432123
100 12 0.281602556807
86 85 1.00498756211
35 34 0.894427191
92 109 0.226715680975
104 113 1.07912001186
31 60 0.961769203084
24 42 0.480104155366
93 23 0.311126983722
49 15 0.866083136887
91 99 1.15260574352
42 76 0.751531769122
46 26 0.241660919472
100 74 0.514003891036
71 34 0.737360156233
15 43 0.635688603013
53 41 1.13569362066
17 31 1.01597244057
12 113 0.920869154658
24 63 1.13600176056
57 85 0.902496537389
54 90 0.44283179651
6 68 0.880908621822
74 104 0.311448230048
45 39 0.718679344353
79 90 1.09
96 26 1.04043260233
36 19 0.976217188949
25 33 0.355105618091
3 11 0.408044115262
63 6 0.68249542123
49 86 0.29
58 33 0.720069441096
46 44 0.13416407865
76 108 1.07912001186
85 86 1.00498756211
42 87 0.620080639917
28 5 1.03817146946
45 87 1.00841459728
91 60 0.600333240792
107 50 0.954410813015
93 78 0.738241153012
70 62 0.660681466366
31 57 0.361247837364
25 18 0.668879660328
43 24 0.441474801093
101 67 1.02839681057
104 12 0.234307490277
85 15 0.75709972923
45 96 0.0583095189485
96 7 0.917877987534
113 41 1.03353761422
7 96 0.917877987534
13 78 0.0583095189485
110 111 0.935360892918
42 110 0.823468275042
21 92 0.773886296558
52 38 0.60207972894
13 4 0.798310716451
36 18 0.52810983706
1 49 0.866487160897
18 24 0.50219518118
27 83 1.11220501707
24 46 1.10941425987
39 79 0.186815416923
21 100 1.1520850663
15 99 0.385875627631
87 53 0.506951674225
58 43 0.248394846967
113 12 0.920869154658
37 105 0.711688133946
70 104 0.517880295049
27 97 0.37
18 88 0.560802995712
110 15 1.07004672795
95 4 1.04004807581
85 68 0.78006409993
83 78 0.629682459657
102 100 0.347131099154
93 30 0.640780773744
33 63 0.654369925959
48 109 0.525547333739
42 111 0.877838253894
28 101 1.09073369802
57 113 0.927200086281
79 96 0.895879456177
108 78 0.477074417675
100 104 0.20591260282
80 86 0.121655250606
52 93 0.400249921924
45 101 1.15377640815
103 51 1.00722390758
78 0 0.0282842712475
23 103 0.499799959984
83 22 0.143178210633
81 73 0.97508973946
32 103 0.919347594765
74 11 0.732461603089
38 37 0.304138126515
109 4 0.692964645563
32 13 0.567274184147
54 107 0.802122185206
71 75 0.822009732302
3 88 1.11400179533
47 102 0.971287804927
27 35 0.776466354712
31 98 1.10679718106
21 106 1.09931797038
98 84 0.0721110255093
81 20 0.610982814816
3 43 0.456508488421
13 105 0.366196668472
71 0 0.361247837364
86 80 0.121655250606
104 85 1.07540689974
57 25 1.1562439189
34 78 0.430116263352
58 102 0.790569415042
12 59 1.15212846506
70 43 0.0860232526704
67 74 1.08258948822
111 87 1.11323851892
85 24 0.630079360081
3 111 0.764198926982
30 32 0.440454310911
97 60 0.250599281723
0 23 0.902551937564
66 65 0.120415945788
104 97 0.471699056603
48 99 0.596824932455
81 7 0.445533388199
107 87 1.11287914887
30 105 0.996242942259
99 70 1.00179838291
45 20 1.05095194942
44 1 0.771038261048
85 43 0.688839603972
13 95 1.16180893438
43 102 0.593043000127
87 46 0.150332963784
12 60 0.460651712251
104 58 0.642884126418
50 28 1.07154094649
21 60 0.532541078228
70 67 0.495176736126
20 79 0.222036033112
7 69 0.261725046566
31 80 1.15732450073
5 99 1.11825757319
4 105 0.481663783152
90 44 0.540370243444
58 11 0.837735041645
25 19 1.11789981662
94 79 0.322490309932
12 109 0.471699056603
6 19 0.950157881618
5 48 0.570350769264
46 24 1.10941425987
74 31 0.787718223732
104 65 1.01242283657
15 109 0.600083327547
42 60 0.810246875958
30 108 1.04995237987
55 73 0.823468275042
107 99 1.14978258814
88 57 1.11400179533
36 15 1.10421918114
29 89 0.344093010682
70 99 1.00179838291
5 97 0.693541635376
49 113 0.924175308045
101 111 0.265706605112
5 35 0.828733974204
21 91 0.260768096208
32 75 0.886453608487
46 96 0.822982381342
92 5 0.698355210477
46 86 0.424499705536
101 88 0.840951841665
42 11 0.6341135545
90 45 0.248394846967
92 62 0.500899191455
111 15 0.800562302385
21 34 1.08452754691
43 99 0.930053761887
96 20 1.10059075046
100 66 1.17153745139
101 45 1.15377640815
102 11 0.580344725142
0 105 0.396610640301
73 90 0.88955044826
97 11 0.0632455532034
102 42 1.08226614102
68 84 1.00244700608
78 22 0.487031826475
35 57 0.971853898485
66 74 0.731095069057
67 58 0.661286624695
85 3 0.751065909225
11 97 0.0632455532034
58 16 0.809506022214
62 67 1.07335921294
99 109 0.861626369142
105 13 0.366196668472
4 0 0.829759001156
27 108 0.800562302385
16 70 0.837257427557
58 60 1.08268185539
11 24 0.517880295049
92 31 0.720902212509
35 66 0.680147042925
86 101 0.957757798193
48 100 0.22360679775
80 3 0.926552750792
57 101 1.03817146946
93 34 1.16619037897
29 64 0.559464029228
43 15 0.635688603013
86 41 0.710211236183
111 28 0.85
85 57 0.902496537389
75 83 0.388973006776
99 57 0.801124210095
36 98 0.910219753686
81 39 0.300166620396
100 99 0.80956778592
21 108 0.930591209931
28 19 1.14529472189
111 63 1.03092191751
97 18 0.930591209931
19 60 0.98412397593
7 39 0.152315462117
97 12 0.290172362571
71 2 0.933488082409
86 11 0.996393496566
101 49 0.801124210095
24 5 0.613514466007
98 58 1.00767058109
97 5 0.693541635376
44 99 0.692026011072
86 92 1.06212052047
62 97 0.500399840128
62 74 0.180277563773
58 88 0.686804193348
21 12 0.962600644089
17 6 0.545618914628
39 20 0.34205262753
82 39 0.404598566483
96 79 0.895879456177
60 58 1.08268185539
15 42 0.325729949498
80 19 0.864002314812
108 97 1.17046999107
62 47 0.990454441153
27 21 0.622655603042
70 60 1.11018016556
100 3 0.244131112315
49 24 0.957548954362
110 107 0.746525284234
31 42 0.75133215025
27 102 0.558659108939
12 31 0.66
100 101 1.05688220725
74 3 0.75802374633
102 18 0.784091831357
31 99 0.760591874792
24 76 0.708307842679
28 36 0.651229606207
64 8 1.00846417884
110 77 0.87800911157
62 35 0.610737259384
10 36 0.68
35 59 0.662872536767
19 16 1.00568384694
26 42 0.675351760196
9 49 0.917060521449
80 54 0.75
0 13 0.0316227766017
109 99 0.861626369142
2 52 0.712811335488
49 9 0.917060521449
44 45 0.751864349467
88 70 0.651459898996
85 16 0.711969100453
5 15 0.755380698721
6 84 0.361247837364
86 97 1.0560303026
19 76 0.925418824101
1 55 0.979438614718
92 74 0.670671305484
11 62 0.56
42 24 0.480104155366
98 88 0.322024843762
109 105 1.10535062311
42 41 1.09
44 77 0.738173421358
99 43 0.930053761887
108 71 0.726704891961
57 24 0.332415402772
88 31 0.784920378128
104 102 0.152643375225
3 60 0.655209890035
53 81 1.01710373119
57 43 0.394461658466
59 5 0.925742944883
87 24 1.03817146946
91 71 1.0833743582
95 51 0.752130307859
80 41 0.68
52 30 0.394461658466
48 111 0.865794432877
26 46 0.241660919472
28 33 0.276586333719
32 38 0.732461603089
85 54 0.886848352313
22 34 0.142126704036
99 3 0.57008771255
1 110 0.872066511225
42 99 0.101980390272
46 45 0.85842879728
47 66 0.0905538513814
66 62 0.900222194794
50 64 0.622655603042
21 109 0.550726792521
40 82 1.09590145542
84 98 0.0721110255093
43 27 1.03730419839
80 58 1.16180893438
17 63 0.296141857899
19 48 0.455411901469
43 66 1.13159179919
66 5 0.85615419172
71 4 0.998599018626
49 53 0.460977222865
45 69 0.643272881443
36 88 0.683081254318
101 98 1.07280007457
43 58 0.248394846967
12 99 0.987167665597
83 108 0.375898922584
62 12 0.212132034356
12 104 0.234307490277
11 60 0.247386337537
22 2 0.830240928888
3 67 1.03004854255
63 104 0.961665222414
108 74 1.09384642432
57 63 1.02625532885
25 5 0.930376267969
5 28 1.03817146946
11 95 0.94847245611
87 1 0.783900503891
80 77 0.667308024828
13 0 0.0316227766017
31 6 0.832406150866
20 94 0.49040799341
88 100 1.13216606556
16 24 1.15433963806
91 4 0.991413132856
6 28 0.30083217913
99 54 0.75802374633
42 48 0.53310411741
108 105 0.0538516480713
104 48 0.423792402008
18 85 0.540370243444
106 99 1.13850779532
74 24 0.857029754443
10 70 0.926174929481
24 60 0.764852927039
38 71 0.765375724726
6 58 0.72422372234
77 106 0.840119039184
15 97 0.442718872424
48 58 0.532259335287
96 53 0.523927475897
7 112 1.0960383205
68 50 0.660378679244
9 1 0.110453610172
50 107 0.954410813015
23 95 0.950473566176
3 19 0.361386219992
48 74 0.720694109869
105 83 0.373363094052
79 45 0.843800924389
19 33 0.952680429105
48 92 0.322490309932
110 68 1.04350371346
0 78 0.0282842712475
92 76 0.198494332413
62 11 0.56
111 57 0.888144132447
64 89 0.596824932455
44 110 0.141421356237
15 36 1.10421918114
105 37 0.711688133946
78 75 0.493355855342
14 72 0.725672102261
43 5 0.335410196625
88 18 0.560802995712
58 25 0.831865373723
53 110 0.121655250606
113 106 0.739797269527
104 35 0.766093989012
1 46 0.727804918917
18 6 0.613269924258
99 104 1.01518471226
80 99 0.402616442784
5 17 0.990454441153
23 0 0.902551937564
6 88 0.0894427191
12 74 0.381182371051
74 48 0.720694109869
107 58 1.06437775249
27 31 1.01434708064
19 57 0.552268050859
16 18 0.718401002226
98 33 0.29
22 38 0.55542776308
105 32 0.926552750792
65 102 0.90426765949
86 46 0.424499705536
71 23 0.543415126768
101 53 0.711969100453
17 18 0.80622577483
113 48 0.726154253585
47 36 0.85912746435
112 39 1.16211014968
86 109 1.07168092266
63 5 0.728354309385
59 65 0.05
43 18 0.191049731745
49 73 1.01074230148
101 68 0.690507060065
3 113 0.787718223732
81 82 0.644980619864
42 57 0.746324326282
107 90 0.700642562224
111 49 1.00895986045
33 98 0.29
13 37 0.38
10 6 0.58463663929
49 80 0.410487515035
18 17 0.80622577483
25 17 0.172626765016
52 13 0.424499705536
6 111 0.588727441181
86 49 0.29
0 38 0.506063237155
107 46 1.01178060863
70 76 1.06826962889
46 87 0.150332963784
15 80 0.726911273815
27 43 1.03730419839
0 30 0.625139984324
24 25 1.17046999107
98 28 0.266833281283
35 4 0.592368128785
34 105 0.148660687473
76 27 0.314006369362
108 32 0.976729235766
107 19 0.996393496566
25 104 1.15104300528
96 49 0.95707888912
36 104 0.693108938047
83 71 0.95801878896
48 60 0.553624421427
74 97 0.671192967782
73 49 1.01074230148
26 1 0.718679344353
95 106 0.885268320906
4 92 0.742428447731
12 66 1.11004504413
62 19 0.910219753686
62 100 0.346554469023
103 95 0.52
1 41 0.700357051796
107 68 0.297321374946
113 77 1.11521298414
1 80 1.05645634079
60 74 0.810246875958
31 85 0.57706152185
112 20 1.12645461515
110 24 1.10453610172
12 19 0.833846508657
31 3 0.332415402772
58 49 1.11879399355
100 111 0.907964757025
102 60 0.690796641567
74 19 1.06301458127
31 17 1.01597244057
63 59 0.983514107677
12 102 0.235372045919
94 82 0.552268050859
63 18 0.68066144301
76 99 0.850881895447
10 33 0.560892146495
70 11 0.885268320906
11 104 0.522015325446
99 53 0.841724420461
48 35 1.14021927716
45 107 0.874757109145
43 62 0.611310068623
84 68 1.00244700608
86 1 0.998649087518
38 108 0.783134726596
101 80 1.05361283212
68 6 0.880908621822
12 21 0.962600644089
28 18 0.722495674728
73 110 0.957548954362
70 102 0.640078120232
88 58 0.686804193348
60 5 0.914002188181
16 19 1.00568384694
27 113 0.840773453434
12 11 0.351283361405
92 91 0.818352002503
52 0 0.395979797464
32 23 0.506951674225
6 25 0.38275318418
32 21 1.17098249346
70 5 0.35902646142
13 21 0.986002028395
54 49 0.340587727319
58 67 0.661286624695
70 109 1.09635760589
59 35 0.662872536767
22 75 0.310161248385
44 80 0.6506919394
0 93 0.765375724726
59 74 0.771038261048
63 74 0.997296345125
38 83 0.653911308971
35 12 0.74404300951
111 53 0.975141015443
102 99 1.14738833879
74 58 0.921357693841
3 21 1.17273185341
101 15 0.840535543567
26 110 0.511077293567
78 83 0.629682459657
43 101 0.84958813551
97 15 0.442718872424
4 5 1.03580886268
108 0 0.449444101085
45 26 1.07018689956
42 100 0.752728370662
91 109 0.59640590205
6 57 1.17175082675
99 44 0.692026011072
85 98 0.98488578018
73 87 0.93813645063
68 29 1.03585713301
62 58 0.803616824115
87 48 1.1438968485
81 54 1.10072703247
49 99 0.482700735446
27 5 0.838152730712
102 57 0.360693775937
100 27 0.635609943283
9 86 1.0729864864
33 88 0.0632455532034
113 19 0.944933860119
91 42 1.05721331812
83 4 0.724016574396
97 43 0.78006409993
44 87 0.274590604355
5 12 0.466904701197
54 86 0.630317380373
5 36 0.459673797382
109 97 0.234307490277
27 109 0.319061122671
19 58 0.301496268634
12 36 0.92633687177
31 28 0.947945146092
111 46 1.09658560997
5 70 0.35902646142
79 69 0.322800247831
68 107 0.297321374946
43 12 0.662193325246
86 57 1.15433963806
70 28 0.766093989012
80 42 0.41
101 87 0.904709898255
9 90 0.85422479477
28 58 0.874185335041
76 42 0.751531769122
10 58 1.0916501271
64 107 0.892860571422
43 104 0.460434577329
49 58 1.11879399355
113 11 0.57008771255
27 60 0.272946881279
11 5 0.738241153012
17 88 0.47759815745
76 102 0.680073525437
100 21 1.1520850663
49 1 0.866487160897
99 27 1.13534135836
38 93 0.980459076147
60 100 0.620080639917
15 102 0.761577310586
17 16 0.654599113962
98 36 0.910219753686
74 108 1.09384642432
104 11 0.522015325446
31 113 1.10941425987
25 111 0.87
53 85 0.861278120005
54 42 0.854751425854
25 16 0.502493781056
16 101 0.790569415042
100 102 0.347131099154
12 70 0.730547739713
18 62 0.802246844805
98 101 1.07280007457
4 76 0.693541635376
52 22 0.833546639367
97 27 0.37
105 4 0.481663783152
34 71 0.737360156233
9 81 1.01242283657
80 101 1.05361283212
86 19 0.818840643837
54 9 0.811541742611
24 3 0.123693168769
90 79 1.09
104 19 0.754320886626
66 70 1.10421918114
102 21 1.17200682592
101 43 0.84958813551
75 37 0.47539457296
102 113 1.15004347744
80 106 0.788733161468
66 35 0.680147042925
4 13 0.798310716451
68 96 1.03237590053
109 74 0.831865373723
5 111 0.962548700067
95 71 0.968968523741
18 63 0.68066144301
19 26 1.02239913928
58 100 0.520096144958
74 43 0.702139587262
75 108 0.588727441181
63 102 1.00801785698
19 99 0.461735855225
43 31 0.171172427686
62 66 0.900222194794
30 13 0.656201188661
12 108 1.0955363983
99 106 1.13850779532
35 43 1.16245430018
25 70 0.685930025586
4 12 0.661891229735
47 59 0.0860232526704
19 12 0.833846508657
12 18 0.843445315358
48 76 0.499799959984
80 87 0.388329756779
42 91 1.05721331812
76 21 0.578013840665
65 104 1.01242283657
17 5 0.990454441153
70 58 0.28231188427
90 9 0.85422479477
84 111 0.935360892918
71 95 0.968968523741
35 65 0.615873363607
0 27 1.13070774296
26 41 0.579827560573
45 46 0.85842879728
68 33 0.909065454189
54 19 0.974166310237
97 48 0.312569992162
53 44 0.234093998214
74 62 0.180277563773
82 96 1.14280357017
27 15 0.812711510931
41 53 1.13569362066
48 102 0.550726792521
53 73 0.93
109 58 1.05702412461
105 52 0.788733161468
87 73 0.93813645063
104 36 0.693108938047
80 15 0.726911273815
19 36 0.976217188949
45 110 0.689420046126
33 6 0.0282842712475
100 70 0.490917508345
37 108 0.765375724726
86 100 1.16056020955
96 45 0.0583095189485
73 55 0.823468275042
37 78 0.331360830516
84 67 0.604069532422
42 54 0.854751425854
109 104 0.686002915446
11 3 0.408044115262
3 42 0.52172789843
42 26 0.675351760196
54 15 1.1139569112
76 104 0.658634952003
36 5 0.459673797382
101 24 0.743303437366
24 19 0.23769728648
18 42 0.939201788755
86 99 0.370540146273
19 43 0.506951674225
5 66 0.85615419172
93 103 0.792590688817
58 80 1.16180893438
110 42 0.823468275042
59 62 0.945304183848
19 100 0.569385633819
0 4 0.829759001156
70 57 0.474341649025
15 62 0.754718490565
78 32 0.512249938995
76 18 1.13371072148
92 21 0.773886296558
13 32 0.567274184147
7 79 0.15
63 65 1.01242283657
10 84 0.476340214553
71 38 0.765375724726
88 85 0.723671196055
15 76 0.580086200491
34 35 0.894427191
74 18 0.890224690738
74 102 0.17
41 110 1.06066017178
34 83 0.241867732449
58 62 0.803616824115
17 25 0.172626765016
42 97 0.687677249878
35 104 0.766093989012
35 36 1.10113577728
36 102 0.740607858451
5 4 1.03580886268
21 48 1.07354552768
25 100 1.17153745139
97 108 1.17046999107
23 93 0.311126983722
5 109 0.915259526036
100 76 0.580517010948
85 31 0.57706152185
15 18 0.704556598152
83 35 0.84528101836
16 50 0.783134726596
11 92 0.067082039325
68 16 0.762758153021
3 57 0.233238075794
104 47 1.06531685427
100 92 0.382099463491
105 12 1.14354711315
110 87 0.399249295554
107 111 0.668879660328
87 106 1.07540689974
41 73 0.892692556259
54 68 1.09808924956
101 42 0.81437092286
57 48 0.220907220344
31 24 0.286356421266
92 36 1.14856432123
76 62 0.655209890035
85 33 0.718401002226
64 112 1.10208892563
38 105 0.735527021937
87 26 0.130384048104
48 80 0.924175308045
12 65 1.1253888217
3 91 1.16400171821
85 5 1.01833196945
67 5 0.744647567645
1 86 0.998649087518
92 27 0.360555127546
15 74 0.931504159948
69 39 0.136014705087
15 3 0.200249843945
12 97 0.290172362571
86 53 0.750599760192
109 31 0.939414711403
93 2 1.02786185842
57 100 0.02
99 41 1.07466273779
12 91 1.06066017178
62 102 0.0282842712475
9 53 0.862844134244
77 46 0.622655603042
41 87 0.710211236183
30 83 1.04637469388
88 24 1.04062481231
13 75 0.483321838944
96 82 1.14280357017
9 26 0.790253124005
79 81 0.398246155035
80 11 0.943398113206
102 66 0.880908621822
38 2 0.28
90 81 0.694046107978
23 21 1.01833196945
42 15 0.325729949498
36 65 0.902108640908
81 53 1.01710373119
54 44 0.104403065089
30 78 0.602992537267
85 87 0.994585340733
51 95 0.752130307859
13 52 0.424499705536
82 40 1.09590145542
74 27 0.631347764707
78 2 0.737902432575
26 77 0.449110231458
68 28 1.16211014968
85 25 0.990050503762
78 71 0.340147027034
28 85 0.970154626851
105 108 0.0538516480713
22 32 0.98488578018
102 19 0.9060353194
17 10 0.136014705087
45 49 0.996895180047
77 54 0.82328609851
104 57 0.216333076528
36 33 0.746324326282
26 51 1.10113577728
90 94 0.815414005276
78 95 1.17388244727
54 41 1.01237344888
57 62 0.361247837364
87 44 0.274590604355
98 85 0.98488578018
100 62 0.346554469023
28 70 0.766093989012
67 18 0.49244289009
58 63 0.852115015711
100 35 0.956713123146
31 5 0.452548339959
77 51 0.996393496566
97 36 1.14284732139
63 70 0.61400325732
31 25 0.888144132447
54 46 0.23769728648
92 113 0.631268564083
6 18 0.613269924258
26 53 0.609261848469
76 74 0.808949936646
98 67 0.54083269132
4 37 1.17239071985
85 58 0.446542271235
84 18 0.95414883535
78 105 0.424381903478
74 47 0.820548596976
98 25 0.400249921924
27 24 0.884590300648
66 100 1.17153745139
36 97 1.14284732139
99 107 1.14978258814
54 85 0.886848352313
86 48 0.939840411985
74 65 0.744311762637
18 33 0.603738353925
46 85 0.976217188949
58 31 0.141421356237
15 12 0.60811183182
35 83 0.84528101836
19 46 0.964624279189
109 108 1.07186752913
12 4 0.661891229735
90 68 0.948314293892
3 24 0.123693168769
11 18 0.943398113206
33 19 0.952680429105
71 93 0.460108682813
26 49 0.232594066992
92 108 1.16107708616
11 42 0.6341135545
111 67 0.764852927039
76 19 0.925418824101
62 113 1.13004424692
33 36 0.746324326282
101 85 0.164012194669
90 77 1.13017697729
71 30 0.65306967469
5 76 0.887524647545
68 64 0.660302960769
81 1 1.11319360401
57 88 1.11400179533
12 15 0.60811183182
85 6 0.705195008491
34 27 0.973087868592
23 71 0.543415126768
49 106 1.14490174251
74 5 0.37483329628
16 36 0.910823802939
24 15 0.202484567313
100 88 1.13216606556
49 85 0.890224690738
18 28 0.722495674728
100 36 0.778973683766
41 51 0.794040301244
65 63 1.01242283657
109 3 0.626258732474
4 62 0.708307842679
75 71 0.822009732302
13 23 0.917823512447
71 32 0.315753068077
105 30 0.996242942259
52 78 0.367695526217
92 97 0.01
30 2 0.394588393139
96 94 0.626258732474
62 15 0.754718490565
24 102 0.692964645563
110 26 0.511077293567
18 58 0.172626765016
39 82 0.404598566483
60 109 0.05
97 62 0.500399840128
26 15 0.998098191562
18 10 0.925904962726
52 2 0.712811335488
97 113 0.630713881249
90 96 0.194164878389
92 86 1.06212052047
28 6 0.30083217913
42 113 0.522015325446
85 90 1.08046286378
92 60 0.241867732449
36 57 0.769415362467
100 15 0.427200187266
21 78 1.00955435713
63 24 1.13600176056
100 85 0.921791733528
83 27 1.11220501707
20 82 0.100498756211
49 31 1.16417352658
3 27 0.762364742102
43 17 0.882326470191
53 46 0.367695526217
101 26 1.03368273663
63 25 0.338378486314
60 3 0.655209890035
53 101 0.711969100453
43 6 0.784474346298
43 11 0.801560977094
34 93 1.16619037897
50 29 0.54083269132
24 31 0.286356421266
52 108 0.840238061504
23 91 1.1136426716
103 106 1.16468879964
106 26 0.970824391947
86 73 1.17153745139
35 102 0.61400325732
57 5 0.352278299076
28 63 0.471274866718
42 102 1.08226614102
94 39 0.148660687473
3 104 0.449444101085
1 26 0.718679344353
31 10 1.14057003292
0 52 0.395979797464
109 15 0.600083327547
105 109 1.10535062311
111 84 0.935360892918
49 26 0.232594066992
26 85 1.11973211082
9 77 0.607289058028
109 5 0.915259526036
36 35 1.10113577728
113 57 0.927200086281
113 15 0.626258732474
31 62 0.664078308635
92 11 0.067082039325
84 85 1.04651803616
88 98 0.322024843762
62 65 0.920706250658
1 54 0.802246844805
82 94 0.552268050859
42 46 0.728628849278
99 97 0.778010282708
12 24 0.599332962551
60 35 1.03585713301
110 44 0.141421356237
42 58 0.768960337079
102 36 0.740607858451
68 85 0.78006409993
69 7 0.261725046566
54 99 0.75802374633
57 6 1.17175082675
51 80 0.88323269867
26 80 0.363593179254
98 31 1.10679718106
109 95 0.743303437366
61 72 0.769025357189
12 43 0.662193325246
28 25 0.133416640641
40 55 0.60207972894
18 11 0.943398113206
21 62 1.14402797169
80 51 0.88323269867
89 8 0.89554452709
53 90 0.335261092285
24 57 0.332415402772
58 42 0.768960337079
86 58 1.12008928216
113 26 0.903548559846
60 4 0.643506021728
70 88 0.651459898996
31 97 0.711758385971
5 57 0.352278299076
28 67 0.294108823397
8 64 1.00846417884
67 16 0.550090901579
26 96 1.04043260233
97 102 0.521536192416
35 22 0.936055553907
22 27 1.10022724925
91 11 0.792464510246
97 95 0.9759098319
43 57 0.394461658466
59 104 1.0307764064
58 109 1.05702412461
57 67 0.964261375354
41 26 0.579827560573
86 44 0.532353266168
84 88 0.394081209905
71 108 0.726704891961
85 99 0.729177618965
6 31 0.832406150866
28 68 1.16211014968
19 18 0.473814309619
109 11 0.219317121995
109 42 0.761577310586
105 21 0.93813645063
4 74 0.711196175468
105 2 1.01400197238
21 97 0.782304288624
112 64 1.10208892563
19 54 0.974166310237
17 58 0.974987179403
88 67 0.322490309932
52 37 0.298328677804
106 21 1.09931797038
31 15 0.487647413609
58 74 0.921357693841
70 12 0.730547739713
111 68 0.780896920214
21 113 0.72124891681
67 43 0.580517010948
25 101 1.12361025271
87 42 0.620080639917
108 38 0.783134726596
44 15 1.06066017178
100 19 0.569385633819
59 36 0.884816365129
26 87 0.130384048104
99 18 0.931718841711
92 42 0.695269731831
70 98 0.962548700067
87 101 0.904709898255
4 91 0.991413132856
60 105 1.05588825166
109 18 1.16107708616
101 18 0.704343666118
109 24 0.732461603089
92 95 0.968968523741
100 57 0.02
43 3 0.456508488421
104 74 0.311448230048
21 102 1.17200682592
89 112 1.03247275993
98 111 0.872066511225
0 22 0.461735855225
108 12 1.0955363983
111 19 0.443846820423
67 33 0.384707681233
99 11 0.726704891961
109 100 0.608769250209
10 43 1.01212647431
9 44 0.794292137692
28 43 0.848115558164
58 10 1.0916501271
48 11 0.306757233004
77 49 0.677200118133
92 19 0.770584193972
21 95 0.280713376952
57 86 1.15433963806
102 43 0.593043000127
83 52 0.976165969495
84 17 0.528015151298
21 76 0.578013840665
52 21 1.1401754251
78 30 0.602992537267
108 2 1.06230880633
11 19 0.740607858451
109 35 1.07447661678
28 31 0.947945146092
1 45 0.907854613911
87 99 0.547083174664
111 99 0.821340367935
16 25 0.502493781056
110 86 0.631981012373
41 80 0.68
68 98 0.986154146166
48 113 0.726154253585
76 91 0.624259561401
104 27 0.610573500899
92 18 0.939414711403
49 96 0.95707888912
43 60 1.02902866821
53 49 0.460977222865
58 98 1.00767058109
63 62 1.0360019305
53 45 0.572450871254
46 53 0.367695526217
5 31 0.452548339959
16 98 0.284429253067
0 21 1.00439036236
37 23 0.921954445729
102 27 0.558659108939
73 26 0.888650662522
103 78 1.09416634933
60 11 0.247386337537
111 24 0.649384323802
62 48 0.543783044973
4 34 0.59908263203
21 57 1.16828934772
19 111 0.443846820423
59 47 0.0860232526704
6 67 0.411825205639
9 110 0.881419309977
65 36 0.902108640908
83 75 0.388973006776
12 27 0.380131556175
113 91 0.550090901579
37 38 0.304138126515
96 69 0.684105255059
39 7 0.152315462117
10 28 0.284429253067
111 5 0.962548700067
90 39 0.95707888912
98 6 0.29206163733
78 13 0.0583095189485
48 62 0.543783044973
8 89 0.89554452709
98 107 1.14424647694
11 12 0.351283361405
27 92 0.360555127546
76 105 1.1136426716
86 31 1.13004424692
87 15 0.932952303175
113 42 0.522015325446
53 99 0.841724420461
6 10 0.58463663929
3 62 0.587962583844
70 24 0.522015325446
79 20 0.222036033112
91 3 1.16400171821
91 103 0.690796641567
44 54 0.104403065089
95 103 0.52
31 49 1.16417352658
84 16 0.338378486314
82 7 0.277308492477
67 101 1.02839681057
9 55 0.916787870775
18 31 0.226715680975
20 96 1.10059075046
45 79 0.843800924389
102 3 0.590338885726
85 67 0.881192374002
3 101 0.866833317311
17 70 0.796303962065
67 66 1.14039466852
75 0 0.481040538832
84 10 0.476340214553
67 24 0.989797959182
60 42 0.810246875958
98 17 0.493963561409
11 48 0.306757233004
43 109 1.01400197238
105 60 1.05588825166
19 70 0.565685424949
34 38 0.630317380373
69 45 0.643272881443
19 28 1.14529472189
57 3 0.233238075794
27 95 0.883911760302
100 11 0.406078810085
50 84 0.775241897733
24 54 1.15745410276
32 30 0.440454310911
85 111 0.120415945788
22 71 0.817863069224
49 110 0.343656805549
76 60 0.060827625303
7 45 0.870919054792
60 31 0.961769203084
81 94 0.210237960416
90 87 0.810555365166
113 44 1.16927327858
88 17 0.47759815745
19 62 0.910219753686
42 62 1.07354552768
75 30 0.695269731831
45 9 0.834505841801
47 65 0.136014705087
48 31 0.42201895692
90 107 0.700642562224
4 95 1.04004807581
37 2 0.44598206242
102 76 0.680073525437
29 50 0.54083269132
1 77 0.499799959984
102 4 0.732461603089
21 11 0.769415362467
57 99 0.801124210095
17 67 0.313847096529
0 37 0.350142828
70 48 0.61400325732
77 42 1.06301458127
108 13 0.418807831827
5 60 0.914002188181
84 33 0.360693775937
25 10 0.262488094968
68 45 1.08074048689
77 80 0.667308024828
107 45 0.874757109145
53 94 1.14947814246
7 20 0.198494332413
62 59 0.945304183848
109 86 1.07168092266
64 50 0.622655603042
97 42 0.687677249878
109 76 0.0282842712475
25 63 0.338378486314
43 33 0.771621668954
19 109 0.947628619239
21 23 1.01833196945
45 7 0.870919054792
34 37 0.662419806467
47 35 0.74404300951
71 105 0.682641926635
92 43 0.78816241981
6 63 0.68249542123
86 54 0.630317380373
76 86 1.0696261029
41 1 0.700357051796
43 100 0.411825205639
46 99 0.644437739429
104 100 0.20591260282
81 45 0.446542271235
45 90 0.248394846967
72 14 0.725672102261
63 3 1.14769333883
83 30 1.04637469388
34 2 0.910219753686
19 53 1.00264649802
3 102 0.590338885726
1 81 1.11319360401
91 92 0.818352002503
77 41 0.225610283454
110 99 0.724499827467
100 25 1.17153745139
71 13 0.37483329628
36 47 0.85912746435
111 17 1.04043260233
92 85 1.17017092769
74 66 0.731095069057
36 48 0.962081077664
3 74 0.75802374633
67 57 0.964261375354
58 48 0.532259335287
66 102 0.880908621822
31 27 1.01434708064
57 42 0.746324326282
44 101 0.785175139698
27 70 1.10860272415
113 92 0.631268564083
24 86 0.876926450736
54 45 0.664078308635
62 42 1.07354552768
22 78 0.487031826475
95 91 0.170880074906
88 10 0.532353266168
28 10 0.284429253067
24 80 0.890056178002
49 3 1.03942291681
60 12 0.460651712251
24 85 0.630079360081
24 58 0.353836120259
24 100 0.347131099154
18 15 0.704556598152
5 43 0.335410196625
5 59 0.925742944883
80 60 1.04651803616
99 113 0.611310068623
70 10 0.926174929481
31 19 0.338378486314
106 113 0.739797269527
24 11 0.517880295049
97 19 0.760591874792
37 75 0.47539457296
86 3 0.928924108849
75 22 0.310161248385
42 43 0.916624241442
102 65 0.90426765949
47 63 0.936215787092
46 113 1.06901824119
69 82 0.532541078228
63 111 1.03092191751
42 101 0.81437092286
74 109 0.831865373723
70 27 1.10860272415
97 31 0.711758385971
46 90 0.661211010193
101 33 0.826075057123
4 22 0.718679344353
88 5 0.977394495585
112 69 1.12160599142
49 19 0.827647267862
32 78 0.512249938995
94 20 0.49040799341
91 97 0.824621125124
96 87 0.973293378175
75 52 0.738241153012
12 5 0.466904701197
111 36 0.95414883535
111 42 0.877838253894
25 43 0.770778826902
94 81 0.210237960416
113 31 1.10941425987
4 57 0.963327566303
87 77 0.572800139665
102 62 0.0282842712475
48 19 0.455411901469
91 27 0.778781098897
35 92 0.992824254337
48 104 0.423792402008
19 49 0.827647267862
78 52 0.367695526217
26 44 0.375765884561
49 45 0.996895180047
3 80 0.926552750792
94 96 0.626258732474
39 112 1.16211014968
80 31 1.15732450073
85 26 1.11973211082
35 11 1.05990565618
88 6 0.0894427191
111 104 1.04403065089
48 85 0.85023526156
23 13 0.917823512447
58 15 0.552268050859
70 100 0.490917508345
112 7 1.0960383205
94 7 0.296816441593
15 48 0.210950231097
18 48 0.648151216924
110 85 0.817435012707
21 27 0.622655603042
31 76 0.912414379545
24 27 0.884590300648
80 92 1.01019800039
0 34 0.402243707222
91 106 0.838629834909
104 24 0.545618914628
89 64 0.596824932455
106 91 0.838629834909
43 10 1.01212647431
109 48 0.525547333739
24 92 0.54083269132
17 111 1.04043260233
93 38 0.980459076147
52 105 0.788733161468
96 101 1.0955363983
70 17 0.796303962065
54 110 0.07
28 98 0.266833281283
