58 31 0.141421356237
94 79 0.322490309932
67 17 0.313847096529
102 104 0.152643375225
32 52 0.152315462117
84 6 0.361247837364
22 108 0.312409987036
3 24 0.123693168769
26 49 0.232594066992
95 21 0.280713376952
25 63 0.338378486314
32 71 0.315753068077
62 57 0.361247837364
4 27 0.388329756779
29 89 0.344093010682
98 16 0.284429253067
101 85 0.164012194669
88 33 0.0632455532034
21 91 0.260768096208
110 46 0.272029410175
74 5 0.37483329628
36 67 0.373363094052
46 86 0.424499705536
24 15 0.202484567313
97 3 0.414366987102
90 45 0.248394846967
78 34 0.430116263352
31 57 0.361247837364
99 80 0.402616442784
71 32 0.315753068077
46 110 0.272029410175
9 73 0.0989949493661
52 78 0.367695526217
79 7 0.15
30 2 0.394588393139
0 105 0.396610640301
36 70 0.411096095822
111 85 0.120415945788
18 58 0.172626765016
39 82 0.404598566483
60 109 0.05
105 13 0.366196668472
90 96 0.194164878389
16 84 0.338378486314
28 6 0.30083217913
92 60 0.241867732449
32 93 0.25179356624
53 90 0.335261092285
48 100 0.22360679775
27 12 0.380131556175
19 3 0.361386219992
20 82 0.100498756211
52 32 0.152315462117
100 97 0.37483329628
88 16 0.228473193176
81 39 0.300166620396
53 46 0.367695526217
63 25 0.338378486314
24 57 0.332415402772
24 31 0.286356421266
79 39 0.186815416923
43 100 0.411825205639
7 39 0.152315462117
97 12 0.290172362571
57 5 0.352278299076
11 27 0.411460812229
94 39 0.148660687473
46 49 0.162788205961
0 52 0.395979797464
3 97 0.414366987102
39 69 0.136014705087
49 26 0.232594066992
62 104 0.161554944214
83 34 0.241867732449
11 100 0.406078810085
92 11 0.067082039325
78 37 0.331360830516
62 74 0.180277563773
11 15 0.407921561087
88 98 0.322024843762
48 3 0.101980390272
39 20 0.34205262753
110 44 0.141421356237
82 39 0.404598566483
81 79 0.398246155035
15 42 0.325729949498
69 7 0.261725046566
25 98 0.400249921924
105 22 0.290688837075
26 80 0.363593179254
91 95 0.170880074906
12 92 0.29
100 3 0.244131112315
28 25 0.133416640641
71 52 0.262488094968
101 111 0.265706605112
37 30 0.284604989415
25 67 0.192093727123
48 24 0.220227155455
34 22 0.142126704036
62 102 0.0282842712475
11 109 0.219317121995
16 28 0.399624824054
57 92 0.396988664826
108 34 0.174928556845
5 57 0.352278299076
28 67 0.294108823397
67 36 0.373363094052
0 13 0.0316227766017
110 49 0.343656805549
86 26 0.28319604517
33 84 0.360693775937
100 92 0.382099463491
6 84 0.361247837364
43 57 0.394461658466
111 101 0.265706605112
98 88 0.322024843762
84 88 0.394081209905
3 15 0.200249843945
63 10 0.423792402008
57 24 0.332415402772
105 78 0.424381903478
109 11 0.219317121995
104 102 0.152643375225
94 69 0.0761577310586
17 28 0.256124969497
22 105 0.290688837075
57 43 0.394461658466
25 88 0.308706980809
28 88 0.25
37 32 0.430116263352
52 30 0.394461658466
6 88 0.0894427191
1 9 0.110453610172
12 57 0.301496268634
26 46 0.241660919472
52 37 0.298328677804
28 33 0.276586333719
92 57 0.396988664826
85 101 0.164012194669
22 34 0.142126704036
100 24 0.347131099154
42 99 0.101980390272
100 48 0.22360679775
47 66 0.0905538513814
19 85 0.403112887415
93 32 0.25179356624
26 87 0.130384048104
84 98 0.0721110255093
27 109 0.319061122671
17 63 0.296141857899
89 29 0.344093010682
75 83 0.388973006776
98 6 0.29206163733
97 92 0.01
67 25 0.192093727123
104 74 0.311448230048
83 108 0.375898922584
62 12 0.212132034356
97 76 0.206155281281
12 104 0.234307490277
11 60 0.247386337537
16 88 0.228473193176
85 19 0.403112887415
67 33 0.384707681233
105 34 0.148660687473
86 42 0.408044115262
42 86 0.408044115262
13 0 0.0316227766017
97 109 0.234307490277
48 11 0.306757233004
19 15 0.357351367704
57 97 0.389486841883
76 97 0.206155281281
20 39 0.34205262753
21 95 0.280713376952
6 28 0.30083217913
15 11 0.407921561087
108 105 0.0538516480713
104 48 0.423792402008
99 86 0.370540146273
60 27 0.272946881279
3 31 0.332415402772
49 87 0.104403065089
65 47 0.136014705087
6 98 0.29206163733
11 57 0.418688428309
69 81 0.286356421266
51 106 0.158113883008
9 1 0.110453610172
3 19 0.361386219992
92 97 0.01
59 66 0.0894427191
105 83 0.373363094052
48 92 0.322490309932
0 78 0.0282842712475
92 76 0.198494332413
33 67 0.384707681233
46 53 0.367695526217
44 110 0.141421356237
16 98 0.284429253067
5 104 0.233452350599
43 5 0.335410196625
53 110 0.121655250606
60 11 0.247386337537
97 100 0.37483329628
80 99 0.402616442784
59 47 0.0860232526704
6 67 0.411825205639
67 88 0.322490309932
83 75 0.388973006776
73 9 0.0989949493661
12 27 0.380131556175
3 100 0.244131112315
12 74 0.381182371051
37 38 0.304138126515
39 7 0.152315462117
10 28 0.284429253067
57 31 0.361247837364
100 57 0.02
78 13 0.0583095189485
76 109 0.0282842712475
11 12 0.351283361405
27 92 0.360555127546
98 33 0.29
44 53 0.234093998214
0 71 0.361247837364
86 46 0.424499705536
43 70 0.0860232526704
79 20 0.222036033112
33 16 0.165529453572
59 65 0.05
10 17 0.136014705087
43 18 0.191049731745
60 76 0.060827625303
2 30 0.394588393139
44 54 0.104403065089
37 0 0.350142828
84 16 0.338378486314
33 98 0.29
82 20 0.100498756211
13 37 0.38
18 31 0.226715680975
49 80 0.410487515035
25 17 0.172626765016
66 59 0.0894427191
33 25 0.355105618091
11 97 0.0632455532034
86 49 0.29
25 6 0.38275318418
44 26 0.375765884561
46 87 0.150332963784
11 48 0.306757233004
98 28 0.266833281283
100 31 0.381182371051
34 105 0.148660687473
76 27 0.314006369362
12 48 0.406078810085
34 108 0.174928556845
100 11 0.406078810085
15 57 0.420594816896
85 111 0.120415945788
49 110 0.343656805549
102 5 0.303644529014
76 60 0.060827625303
88 67 0.322490309932
81 94 0.210237960416
36 63 0.269072480941
31 19 0.338378486314
47 65 0.136014705087
48 31 0.42201895692
74 12 0.381182371051
87 110 0.399249295554
13 34 0.377359245282
6 33 0.0282842712475
48 97 0.312569992162
105 0 0.396610640301
17 67 0.313847096529
44 49 0.245153013443
31 3 0.332415402772
0 37 0.350142828
108 13 0.418807831827
48 15 0.210950231097
49 44 0.245153013443
84 33 0.360693775937
30 52 0.394461658466
25 10 0.262488094968
12 102 0.235372045919
79 81 0.398246155035
62 5 0.328937684068
7 20 0.198494332413
22 83 0.143178210633
2 38 0.28
58 19 0.301496268634
10 25 0.262488094968
66 47 0.0905538513814
28 16 0.399624824054
67 10 0.435660418216
12 11 0.351283361405
52 0 0.395979797464
104 100 0.20591260282
3 92 0.424264068712
58 24 0.353836120259
45 90 0.248394846967
70 5 0.35902646142
99 15 0.385875627631
54 49 0.340587727319
22 75 0.310161248385
77 41 0.225610283454
71 13 0.37483329628
57 104 0.216333076528
76 11 0.193132079158
109 92 0.226715680975
100 15 0.427200187266
92 12 0.29
38 75 0.269258240357
12 100 0.281602556807
33 28 0.276586333719
95 91 0.170880074906
1 73 0.196977156036
28 10 0.284429253067
96 90 0.194164878389
93 52 0.400249921924
24 58 0.353836120259
24 100 0.347131099154
5 43 0.335410196625
31 18 0.226715680975
88 25 0.308706980809
62 100 0.346554469023
107 68 0.297321374946
88 28 0.25
97 57 0.389486841883
110 53 0.121655250606
46 54 0.23769728648
87 54 0.378549864615
75 22 0.310161248385
54 53 0.13
102 57 0.360693775937
63 36 0.269072480941
54 44 0.104403065089
33 88 0.0632455532034
76 92 0.198494332413
12 62 0.212132034356
44 87 0.274590604355
73 1 0.196977156036
109 97 0.234307490277
18 43 0.191049731745
19 58 0.301496268634
10 63 0.423792402008
88 84 0.394081209905
5 70 0.35902646142
79 69 0.322800247831
87 80 0.388329756779
7 94 0.296816441593
68 107 0.297321374946
32 37 0.430116263352
80 42 0.41
11 3 0.408044115262
94 81 0.210237960416
102 62 0.0282842712475
48 104 0.423792402008
70 18 0.166433169771
78 52 0.367695526217
26 44 0.375765884561
71 78 0.340147027034
54 87 0.378549864615
27 60 0.272946881279
16 33 0.165529453572
48 12 0.406078810085
83 105 0.373363094052
15 100 0.427200187266
58 18 0.172626765016
41 77 0.225610283454
88 6 0.0894427191
30 37 0.284604989415
67 28 0.294108823397
94 7 0.296816441593
15 48 0.210950231097
100 102 0.347131099154
57 15 0.420594816896
75 38 0.269258240357
90 53 0.335261092285
53 54 0.13
105 108 0.0538516480713
97 27 0.37
0 34 0.402243707222
14 61 0.04472135955
24 3 0.123693168769
5 100 0.355105618091
54 110 0.07
28 98 0.266833281283
43 58 0.248394846967
27 11 0.411460812229
110 54 0.07
49 46 0.162788205961
69 94 0.0761577310586
13 108 0.418807831827
19 31 0.338378486314
40 56 0.36235341864
43 31 0.171172427686
65 59 0.05
25 28 0.133416640641
20 7 0.198494332413
27 76 0.314006369362
34 78 0.430116263352
3 58 0.434165866922
104 62 0.161554944214
28 84 0.320624390838
99 42 0.101980390272
80 87 0.388329756779
79 82 0.246981780705
93 23 0.311126983722
10 67 0.435660418216
70 58 0.28231188427
31 70 0.241867732449
82 7 0.277308492477
109 27 0.319061122671
97 48 0.312569992162
53 44 0.234093998214
74 62 0.180277563773
100 62 0.346554469023
58 111 0.40162171256
5 74 0.37483329628
5 102 0.303644529014
33 6 0.0282842712475
27 4 0.388329756779
60 92 0.241867732449
96 45 0.0583095189485
67 63 0.286006992921
57 12 0.301496268634
37 78 0.331360830516
91 21 0.260768096208
61 14 0.04472135955
57 3 0.233238075794
44 46 0.13416407865
60 97 0.250599281723
80 49 0.410487515035
49 54 0.340587727319
98 25 0.400249921924
16 6 0.139283882772
26 86 0.28319604517
69 79 0.322800247831
111 58 0.40162171256
86 87 0.278567765544
104 5 0.233452350599
100 12 0.281602556807
92 109 0.226715680975
13 71 0.37483329628
4 108 0.434165866922
86 99 0.370540146273
70 31 0.241867732449
46 26 0.241660919472
37 13 0.38
92 3 0.424264068712
58 3 0.434165866922
109 60 0.05
37 52 0.298328677804
42 80 0.41
7 79 0.15
74 104 0.311448230048
6 16 0.139283882772
58 70 0.28231188427
74 102 0.17
25 33 0.355105618091
34 83 0.241867732449
17 25 0.172626765016
98 84 0.0721110255093
49 86 0.29
109 76 0.0282842712475
65 66 0.120415945788
46 44 0.13416407865
34 75 0.417612260356
31 48 0.42201895692
15 19 0.357351367704
23 93 0.311126983722
8 112 0.141421356237
19 24 0.23769728648
108 83 0.375898922584
92 48 0.322490309932
97 11 0.0632455532034
104 12 0.234307490277
11 92 0.067082039325
45 96 0.0583095189485
3 57 0.233238075794
48 57 0.220907220344
13 78 0.0583095189485
87 86 0.278567765544
110 87 0.399249295554
57 48 0.220907220344
31 24 0.286356421266
39 81 0.300166620396
87 26 0.130384048104
63 17 0.296141857899
102 74 0.17
39 79 0.186815416923
15 99 0.385875627631
58 43 0.248394846967
92 27 0.360555127546
69 39 0.136014705087
27 97 0.37
15 3 0.200249843945
12 97 0.290172362571
31 100 0.381182371051
31 43 0.171172427686
57 100 0.02
102 100 0.347131099154
52 71 0.262488094968
3 11 0.408044115262
11 76 0.193132079158
52 13 0.424499705536
5 62 0.328937684068
100 104 0.20591260282
80 86 0.121655250606
52 93 0.400249921924
78 0 0.0282842712475
63 67 0.286006992921
83 22 0.143178210633
112 8 0.141421356237
70 36 0.411096095822
7 82 0.277308492477
38 37 0.304138126515
6 25 0.38275318418
38 2 0.28
24 48 0.220227155455
108 22 0.312409987036
31 58 0.141421356237
42 15 0.325729949498
39 94 0.148660687473
57 102 0.360693775937
13 52 0.424499705536
56 40 0.36235341864
18 70 0.166433169771
57 11 0.418688428309
13 105 0.366196668472
71 0 0.361247837364
86 80 0.121655250606
17 10 0.136014705087
79 94 0.322490309932
104 57 0.216333076528
47 59 0.0860232526704
106 51 0.158113883008
57 62 0.361247837364
15 24 0.202484567313
87 44 0.274590604355
70 43 0.0860232526704
80 26 0.363593179254
28 17 0.256124969497
3 48 0.101980390272
24 19 0.23769728648
97 60 0.250599281723
66 65 0.120415945788
54 46 0.23769728648
34 13 0.377359245282
100 5 0.355105618091
92 100 0.382099463491
34 0 0.402243707222
87 49 0.104403065089
82 79 0.246981780705
78 105 0.424381903478
75 34 0.417612260356
81 69 0.286356421266
87 46 0.150332963784
78 71 0.340147027034
102 12 0.235372045919
20 79 0.222036033112
7 69 0.261725046566
67 6 0.411825205639
84 28 0.320624390838
100 43 0.411825205639
108 4 0.434165866922
